0.8648774
-0.4097337
-0.8325842
0.764191
-0.2797342
0.1300546
0.5306093
-0.6229128
-1.183967
1.281951
-1.277286
-0.2904022
1.105454
-0.9874994
0.8461085
-0.6778738
0.3412687
-0.6930055
0.906581
-1.063414
1.069386
0.2303643
-0.7106377
0.3019268
0.3080288
-0.5055958
0.7014735
-0.8898025
0.9495064
-0.3203349
-0.6275206
0.3700632
-0.2167758
-0.6007993
0.527911
0.6350201
-0.7262164
0.6436731
-0.5253398
0.06459094
0.01464691
-0.233355
0.8155941
-0.9892541
1.048127
-0.9686473
-0.08148687
0.677409
-0.6210235
0.4455482
0.7178309
-0.005147174
-0.8551303
-0.9492422
0.9609936
-0.8259769
0.1973228
-0.5736238
0.8981742
-0.8006505
-1.124609
1.2302
0.1551842
-1.082879
0.9139652
0.2083863
-0.5746725
0.3334941
0.1936278
0.2921693
0.342389
-1.153769
1.319019
-1.280277
-0.5747519
0.8619623
-0.3084064
-0.4976869
0.5610005
-0.5712412
0.5778071
-0.2343448
-0.1424379
0.705129
-0.7979797
0.7483644
0.2180257
0.2643361
-0.5602354
0.5284182
-0.4829186
0.4367073
-0.3908622
0.08062176
0.4861476
-0.6490282
0.7157291
-0.7187422
0.6543617
-0.5345371
0.1085273
0.245547
-0.210038
0.05524221
0.2154677
-0.4194656
0.6435391
-0.8471272
0.7191075
1.087694
0.1440631
-1.032258
-0.4240512
0.3564563
0.6242113
-0.6615744
0.7639384
-0.09242657
-1.690322
-1.874358
2.244606
-2.096842
0.8849175
0.918896
1.08399
-1.040847
1.031969
-1.002606
-0.4554043
0.9009774
-0.8562182
0.4258531
0.8125434
-0.975385
1.039324
-1.004178
-0.7129132
-0.8722149
1.238368
-1.127645
-0.6583221
0.454306
0.4465309
-0.5017869
0.667357
-0.8659197
-0.9014239
1.337945
-1.145895
-0.4897473
-1.326619
1.325927
-0.9144651
-1.042357
1.239463
-1.400291
0.1582637
1.806492
-1.800787
-0.2310744
1.24045
0.5273541
-0.3975342
-0.3064979
0.5954364
-0.9600902
1.475809
-2.005125
-0.5928656
2.865541
-0.3776552
-3.497657
-2.778128
-2.40844
