-0.6796528
0.7462522
-0.6098338
-0.1955724
-0.1886396
0.6083497
-0.7237939
-0.09843938
0.8458294
-0.7764643
0.6298674
-0.18871
-0.1252236
-0.337855
0.444277
-0.4983303
-0.3292947
0.6811299
-0.7249339
0.7248618
-0.5389339
-0.4986568
0.623441
-0.03247878
0.3955931
-0.9573375
0.9445411
0.3770361
-0.4970814
0.03939999
-0.6040047
0.8075536
-0.7851562
-1.028024
0.9701793
-0.7899308
0.5919892
-0.441819
0.3474895
-0.2472491
-0.2371961
0.5382438
-0.7792053
1.046086
-1.226766
1.240851
0.02863288
-0.7990217
-0.4266956
-0.08758062
0.0645934
0.1309437
0.2568807
0.3446167
-0.7944196
0.8780448
0.8325853
-0.9134867
-0.6061381
0.5191311
0.5267529
0.5033534
-0.5882944
-0.7810125
0.06337957
1.039519
0.1097677
-0.9343711
0.7915573
-0.1855684
0.3474779
-0.387891
-0.6988421
0.7148854
-0.339682
0.1851123
-0.4667635
-0.4536535
0.4257812
0.414023
-0.5419443
0.4198626
0.3729426
0.4021963
-0.8348939
0.7932404
0.8189531
-0.72778
0.5723199
-0.4861146
0.5150892
-0.4890282
-0.7120806
0.7924901
0.3956671
-0.743103
0.438539
0.7383926
-0.9320563
1.204031
-0.1406419
-1.739137
1.816236
-1.723335
-0.7861524
0.9121006
0.9079956
-0.8109567
0.6620948
-0.09376833
-0.4945618
-0.0409712
-0.1018289
-0.4930911
0.1492303
0.9590011
-1.005096
0.8833806
0.6365405
-0.5668808
0.4049149
-0.2776331
0.2745854
-0.3305947
0.3116799
-0.2889967
0.7343633
-0.9267511
0.1138832
1.01853
-0.8333277
-0.5802161
0.5763289
-0.497353
0.5044153
-0.4108324
-0.4532737
0.4513807
-0.3279888
0.0601456
0.1743276
-0.2912
-1.088031
1.336931
0.4239988
-1.387582
-0.5935561
0.9707397
-0.261199
-0.04677213
0.2770285
-0.6407611
-0.8064854
1.072535
1.221325
-1.368483
1.007771
1.225955
0.3074622
-0.6964183
-0.6631805
0.4450944
0.5079581
-0.3980038
-0.4824867
-0.9414536
0.5882783
1.364345
-1.447297
-0.1772889
1.060748
1.171989
-0.953621
-0.3504611
