1.022907
1.019023
1.015221
1.011502
1.007863
1.004307
1.000832
0.9974397
0.9941288
0.9908997
0.9877526
0.9846871
0.9817035
0.9788017
0.9759818
0.9732437
0.9705874
0.9680129
0.9655203
0.9631094
0.9607804
0.9585332
0.9563679
0.9542844
0.9522827
0.9503628
0.9485247
0.9467685
0.945094
0.9435015
0.9419907
0.9405618
0.9392146
0.9379494
0.9367659
0.9356643
0.9346445
0.9337065
0.9328503
0.9320759
0.9313834
0.9307727
0.9302438
0.9297968
0.9294316
0.9291481
0.9289466
0.9288268
0.9287889
0.9288328
0.9289585
0.929166
0.9294554
0.9298266
0.9302796
0.9308144
0.9314311
0.9321296
0.9329099
0.933772
0.934716
0.9357418
0.9368494
0.9380388
0.9393101
0.9406631
0.942098
0.9436148
0.9452133
0.9468937
0.9486558
0.9504999
0.9524257
0.9544334
0.9565229
0.9586942
0.9609473
0.9632823
0.9656991
0.9681977
0.9707782
0.9734404
0.9761845
0.9790104
0.9819181
0.9849077
0.9879791
0.9911323
0.9943673
0.9976841
1.001083
1.004563
1.008126
1.01177
1.015496
1.019304
1.023193
1.027165
1.031218
1.035353
1.03957
1.043869
1.048249
1.052712
1.057256
1.061882
1.06659
1.071379
1.076251
1.081204
1.086239
1.091356
1.096555
1.101836
1.107198
1.112642
1.118169
1.123776
1.129466
1.135238
1.141091
1.147026
1.153043
1.159142
1.165323
1.171586
1.17793
1.184356
1.190864
1.197454
1.204125
1.210879
1.217714
1.224631
1.23163
1.238711
1.245874
1.253118
1.260444
1.267852
1.275342
1.282914
1.290567
1.298303
1.30612
1.314019
1.322
1.330062
1.338207
1.346433
1.354741
1.363131
1.371603
1.380156
1.388792
1.397509
1.406308
1.415189
1.424152
1.433196
1.442322
1.451531
1.460821
1.470193
1.479646
1.489182
1.498799
1.508498
1.518279
1.528142
1.538086
1.548113
1.558221
1.568411
