0.6029041
0.6121607
0.6213939
0.6306038
0.6397904
0.6489536
0.6580936
0.6672102
0.6763034
0.6853734
0.69442
0.7034433
0.7124433
0.7214199
0.7303732
0.7393032
0.7482099
0.7570933
0.7659532
0.77479
0.7836033
0.7923934
0.8011601
0.8099035
0.8186235
0.8273203
0.8359938
0.8446438
0.8532706
0.861874
0.8704542
0.879011
0.8875445
0.8960546
0.9045414
0.9130049
0.9214451
0.9298619
0.9382554
0.9466256
0.9549725
0.9632961
0.9715963
0.9798732
0.9881268
0.996357
1.004564
1.012748
1.020908
1.029045
1.037158
1.045249
1.053316
1.061359
1.06938
1.077377
1.08535
1.093301
1.101228
1.109131
1.117012
1.124869
1.132702
1.140513
1.1483
1.156064
1.163804
1.171521
1.179215
1.186885
1.194533
1.202156
1.209757
1.217334
1.224888
1.232418
1.239926
1.247409
1.25487
1.262307
1.269721
1.277111
1.284479
1.291823
1.299143
1.30644
1.313714
1.320965
1.328192
1.335396
1.342577
1.349734
1.356868
1.363979
1.371066
1.37813
1.385171
1.392188
1.399182
1.406153
1.4131
1.420024
1.426925
1.433802
1.440656
1.447487
1.454295
1.461079
1.467839
1.474577
1.481291
1.487982
1.494649
1.501293
1.507914
1.514512
1.521086
1.527637
1.534164
1.540668
1.547149
1.553607
1.560041
1.566452
1.57284
1.579204
1.585545
1.591862
1.598157
1.604428
1.610675
1.616899
1.623101
1.629278
1.635432
1.641563
1.647671
1.653755
1.659817
1.665854
1.671869
1.67786
1.683827
1.689772
1.695693
1.701591
1.707465
1.713316
1.719144
1.724948
1.730729
1.736487
1.742222
1.747933
1.753621
1.759285
1.764926
1.770544
1.776139
1.78171
1.787258
1.792782
1.798284
1.803761
1.809216
1.814647
1.820055
1.82544
1.830801
1.836139
1.841454
1.846745
1.852013
1.857258
