0.3153841
-0.08724598
-0.1972468
-0.164044
-0.108544
-0.03296783
0.07067725
0.08560147
-0.00315645
0.0260438
0.1776987
0.1816441
-0.02283309
-0.2648968
-0.4512369
-0.4505831
-0.1390451
0.3810623
0.6786678
0.3380367
-0.1637867
-0.412852
-0.3602471
-0.2110694
-0.12217
-0.08670565
-0.0203381
0.09675144
0.1469571
0.08242477
0.0462715
0.1525373
0.09652888
-0.1744444
-0.3258518
-0.1694888
0.2203406
0.4811779
0.1508364
-0.3990517
-0.4592147
0.05182886
0.4946163
0.3688548
0.0231204
-0.1026424
-0.04551145
-0.03626228
-0.2103059
-0.3252856
-0.1861555
0.1696547
0.4124353
0.105906
-0.348684
-0.3452557
0.09438148
0.3955677
0.2108224
-0.08723816
-0.2521347
-0.2816367
-0.2438914
-0.08342122
0.2192965
0.4244437
0.2185521
-0.1412154
-0.362355
-0.3631479
-0.1599625
0.1753731
0.3551746
0.1517014
-0.09945037
-0.1619597
-0.07124422
0.02318081
0.02478882
-0.05630253
-0.1428093
-0.1018983
0.1114089
0.2532684
-0.01714543
-0.2738562
0.0131963
0.3209853
0.07420343
-0.3367962
-0.3662032
0.01211483
0.3721791
0.3848511
0.1109858
-0.1198418
-0.1837012
-0.1693977
-0.2143697
-0.315298
-0.3037571
0.001515761
0.5161372
0.7325153
0.141951
-0.6000058
-0.8677768
-0.5241632
0.05908486
0.7338449
0.8548397
0.1667838
-0.465607
-0.6531045
-0.4560871
-0.06562753
0.2349027
0.2487942
-0.01532833
-0.080419
0.2087203
0.3899348
0.09622967
-0.1491901
0.03773566
0.1676552
-0.0368492
-0.277144
-0.368312
-0.3187897
-0.198985
-0.1155211
-0.1197464
0.1716153
0.5763828
0.3240481
-0.2643283
-0.5749817
-0.3601644
0.1573251
0.4895392
0.4033448
0.0476961
-0.2034935
-0.2330876
-0.1293626
-0.01418909
0.04635533
0.04396621
-0.009797616
-0.07157169
-0.04532233
0.0781792
0.1178216
0.07047743
0.117549
-0.01319287
-0.2889505
-0.2875744
0.07445806
0.4318942
0.4310049
0.08585215
-0.2744934
-0.4819058
-0.5412283
-0.4695704
-0.2307165
0.1446096
0.4971418
0.6348307
0.4386006
0.08564582
-0.1727723
