0.9129094
0.4161679
-0.2465092
-0.7010113
-0.7053248
-0.4705252
-0.06919125
0.3500417
0.4919047
0.2002759
-0.09519164
-0.2144645
-0.21065
0.0423106
0.2680537
0.1465522
-0.1504957
-0.3177331
-0.09694359
0.2852483
0.4012555
0.2880068
0.1057526
-0.2522244
-0.7405948
-0.4920164
0.4653443
0.9319807
0.6787254
0.0695835
-0.2803936
-0.7034542
-1.107887
-0.8434398
0.2345465
1.074398
0.8486907
0.0418364
-0.6092375
-0.860711
-0.7881926
-0.5300764
-0.2669341
-0.2184398
-0.05309231
0.3777649
0.5430021
0.3988266
0.09406341
-0.1044563
-0.1353484
-0.1299534
-0.2057031
-0.2645558
-0.0900545
0.2305566
0.32391
0.1359914
-0.08525467
-0.1790744
-0.1411949
-0.1143313
-0.04178823
0.07422449
0.1449246
0.1003736
-0.05294555
-0.05602441
0.2143172
0.2281327
-0.2459064
-0.4777879
-0.1796307
0.401046
0.4571501
0.004007135
-0.2490023
-0.1529762
0.06516568
0.1251378
0.02366935
-0.04674592
-0.1052794
-0.2267683
-0.08358639
0.2522631
0.2595199
-0.07546955
-0.2373436
-0.07720238
-0.09144477
-0.1969954
-0.1088617
0.2096693
0.4332073
0.4232954
0.1551984
-0.2394118
-0.583352
-0.7201406
-0.3422154
0.3427908
0.8616706
0.5524445
-0.2440104
-0.8453237
-0.6908422
0.1170302
0.7376152
0.5887481
0.02424807
-0.4153311
-0.4221005
-0.126975
0.08443086
0.06367625
-0.132418
-0.123494
0.08380108
0.3270373
0.4343106
0.2984253
-0.169336
-0.4991105
-0.1606732
0.344384
0.2130132
-0.1472138
-0.1106807
0.09058294
0.08835109
-0.04733855
-0.107016
0.01411786
0.02004022
-0.03458617
0.08701476
0.2830029
0.1593938
-0.21042
-0.4087735
-0.1849682
0.3047251
0.5091242
0.1028357
-0.3640377
-0.3245867
0.005309899
0.2136234
0.04001958
-0.2283601
-0.2213897
0.0195741
0.2630754
0.2627757
0.01654188
-0.1859783
-0.2213479
-0.1166158
0.01776533
0.07853953
0.0540667
-0.04412765
-0.1876636
-0.1870874
0.1307234
0.4717683
0.5349
0.1857834
-0.2471392
-0.5995454
-0.7816916
-0.7038344
-0.2762305
