-0.1432099
-0.177583
-0.1366416
-0.008324022
0.1981639
0.3598248
0.2643431
-0.09443732
-0.3747413
-0.03657554
0.3292665
-0.01160751
-0.2730145
-0.01941027
0.1489481
0.1707132
0.1416983
-0.1519008
-0.4433337
-0.1409155
0.4564499
0.452913
-0.06533814
-0.3908276
-0.1276773
0.07389774
-0.1633586
-0.06574197
0.2555492
0.2583918
0.1219883
0.06703128
0.02024822
-0.1404285
-0.3110218
-0.1496591
0.1802332
0.3341048
-0.03997334
-0.4095577
-0.1862188
0.3921144
0.6143191
0.1990876
-0.723962
-0.9072807
0.2490498
0.9509402
0.1143058
-0.6987964
-0.4039835
0.04711261
-0.004266086
-0.1489692
0.03665615
0.1408628
0.1954876
0.4940884
0.4601016
-0.2171267
-0.7791001
-0.6267437
-0.3147781
0.1883348
0.7168851
0.8458098
-0.1259147
-0.7229282
-0.006965563
0.5559657
0.3382856
-0.04792656
-0.3249355
-0.4217198
-0.2049337
0.2117474
0.5034158
0.3719533
-0.1093026
-0.546168
-0.5469448
-0.1158059
0.3880706
0.6038835
0.4260564
0.07685173
-0.2265681
-0.3328608
-0.1858551
-0.06155974
-0.2645226
-0.5858306
-0.6740875
-0.4062266
0.08846348
0.6041915
0.8293073
0.6253417
0.05212648
-0.5486051
-0.7438191
-0.346813
0.2722853
0.5937714
0.4108485
-0.042198
-0.4211929
-0.4243541
-0.08484781
0.1760983
0.02213257
-0.1704331
0.1851273
0.6803821
0.6501489
0.1339642
-0.546404
-0.8291576
-0.6253393
-0.04938703
0.4800818
0.5083318
0.198425
-0.02886278
0.2731537
0.4351867
-0.1209223
-0.6071697
-0.2309514
0.6096272
0.4635162
-0.4965273
-0.6820757
0.1887505
0.6761271
0.2083586
-0.2962259
-0.3960364
-0.2395366
0.02370462
0.08739559
-0.1706853
-0.4316926
-0.007363935
0.4524521
-0.04200897
-0.3993421
0.1933079
0.7435295
0.2606671
-0.5654314
-0.7733089
0.07351804
0.7190794
0.5774646
0.159096
-0.01766929
-0.1056633
-0.2975287
-0.2949304
-0.08558401
-0.2034764
-0.5601359
-0.5191747
0.2457225
0.7306449
-0.05987592
-0.7474144
0.01768634
0.720687
0.2815227
-0.2407752
-0.4787483
-0.3815824
