-0.1156431
0.07618346
0.1872486
0.2282106
0.2097278
0.1424585
0.03706105
-0.09275173
-0.2197407
-0.3083843
-0.327645
-0.2695656
-0.1319929
0.06843511
0.2400797
0.2973886
0.2555124
0.1606489
0.06370842
0.003345374
-0.03396407
-0.07525512
-0.1308069
-0.1845683
-0.1995858
-0.1546806
-0.06859232
0.02578106
0.09668801
0.1150123
0.07116557
0.00479439
-0.0326476
-0.004598482
0.06838342
0.1496662
0.2019913
0.1966519
0.1382123
0.03915808
-0.08349627
-0.1946077
-0.2551989
-0.2517361
-0.1911536
-0.08021419
0.06275669
0.2035218
0.2976168
0.3046201
0.2160856
0.05679322
-0.1322056
-0.2876182
-0.3380959
-0.2512225
-0.06415673
0.1586482
0.3207497
0.3452959
0.2567836
0.1030784
-0.0697794
-0.2204048
-0.311154
-0.330975
-0.3018041
-0.24737
-0.1480339
0.01423113
0.2097265
0.3828287
0.4433698
0.3242142
0.08140905
-0.1908705
-0.3908805
-0.4248779
-0.2649496
-0.0145844
0.2050484
0.3108944
0.2531542
0.08599583
-0.0770374
-0.1402618
-0.1123957
-0.03243363
0.05812813
0.111592
0.1063574
0.05125193
-0.01467789
-0.05882902
-0.07667632
-0.07512534
-0.07569748
-0.1026595
-0.16838
-0.2448485
-0.2919219
-0.2702566
-0.1576972
0.01889693
0.2192705
0.4027732
0.5312647
0.5790611
0.5324677
0.3798389
0.1208701
-0.1980604
-0.4962433
-0.6867094
-0.704186
-0.5614347
-0.2893098
0.06829049
0.4122129
0.6236798
0.6148152
0.4302927
0.1627192
-0.07488818
-0.1667986
-0.1331076
-0.03192662
0.07900649
0.1426196
0.1198237
0.03610044
-0.06461462
-0.1395166
-0.15896
-0.1205702
-0.03774687
0.0427739
0.07112428
0.01955452
-0.1189566
-0.299792
-0.4622014
-0.5417776
-0.4901634
-0.322304
-0.100597
0.1336592
0.3547366
0.5460141
0.718154
0.8727298
0.9595812
0.9248866
0.7429987
0.4401806
0.05756611
-0.3540656
-0.7492763
-1.091416
-1.370862
-1.588625
-1.742933
-1.820407
-1.806335
-1.69756
-1.499353
-1.220952
-0.8717914
-0.4606176
0.004204737
0.5143732
1.061586
1.637539
2.233932
