-0.2039796
-0.296096
-0.3218605
-0.2937381
-0.2241578
-0.1253187
-0.009088805
0.1122421
0.2251799
0.3111272
0.3319037
0.2600056
0.130567
-0.007250705
-0.1180623
-0.1963498
-0.2417606
-0.2227449
-0.1270636
0.03079751
0.1691422
0.2037523
0.1229577
-0.006977626
-0.1052559
-0.1069483
0.01019896
0.1556694
0.2433342
0.2202304
0.09269151
-0.09175241
-0.2652117
-0.3591716
-0.3245672
-0.1484347
0.09762485
0.3177896
0.4237041
0.3623177
0.1213947
-0.1971035
-0.4332013
-0.4787393
-0.3335645
-0.03698581
0.3089505
0.5150819
0.4334233
0.1576337
-0.1600088
-0.3762175
-0.3832003
-0.2333747
-0.04257483
0.105968
0.1429164
0.05497083
-0.09273522
-0.2223304
-0.2506071
-0.1189852
0.1230612
0.3783767
0.5487686
0.5469131
0.3406778
0.00368711
-0.3619106
-0.6394318
-0.7406082
-0.6848268
-0.5078239
-0.2394985
0.07256447
0.3767476
0.6194432
0.75802
0.7920431
0.7486987
0.6572888
0.5378422
0.3997531
0.2497133
0.09301519
-0.06688222
-0.225363
-0.3737338
-0.4920912
-0.5502638
-0.5269029
-0.4313991
-0.2823322
-0.1028885
0.0756324
0.2199413
0.2975213
0.2882957
0.2109952
0.09812686
-0.01671695
-0.1043688
-0.1522487
-0.1524066
-0.1036772
-0.02716578
0.04706679
0.09234216
0.101445
0.08248319
0.04747155
0.004973007
-0.03803261
-0.07922596
-0.1152424
-0.1387585
-0.142957
-0.1214901
-0.07091302
0.0001541726
0.07682815
0.1456065
0.2018237
0.243172
0.2642901
0.2369209
0.136881
-0.03951793
-0.2713956
-0.4570136
-0.4853624
-0.3437995
-0.06209747
0.2869119
0.5503455
0.5948085
0.4397357
0.1488341
-0.1897987
-0.4655991
-0.56724
-0.4459029
-0.1532807
0.1971963
0.4436395
0.4542871
0.2580114
-0.06053966
-0.3526138
-0.4830267
-0.4368553
-0.2383592
0.05663552
0.3400004
0.5060539
0.5146881
0.3788228
0.1471741
-0.1181232
-0.3583364
-0.5168476
-0.5469988
-0.4494464
-0.2519128
-0.007800655
0.222957
0.3911125
0.4893334
0.5205558
0.4866185
0.3935754
0.2654634
0.1308154
0.01816417
