0.2001703
0.3006873
0.3677913
0.4036246
0.4103293
0.3900405
0.3444996
0.2747068
0.1841886
0.07745414
-0.03933982
-0.1569239
-0.2619432
-0.3402578
-0.3809149
-0.3772795
-0.3306324
-0.247305
-0.1407448
-0.03915532
0.02611286
0.03140819
-0.01337592
-0.06014868
-0.07117356
-0.02570666
0.05940579
0.1509132
0.2192836
0.2588665
0.2742424
0.2793342
0.2806408
0.2686971
0.233414
0.164894
0.05817007
-0.07058351
-0.1973761
-0.2973328
-0.3469669
-0.3331321
-0.2541259
-0.1224898
0.02452924
0.1491791
0.2216333
0.2262046
0.179115
0.1073819
0.03661678
-0.009571228
-0.01733575
0.003370676
0.03167256
0.05117296
0.04932139
0.01974203
-0.0283362
-0.08016858
-0.1209
-0.139452
-0.1316137
-0.09637827
-0.03879716
0.02689375
0.07933953
0.09290373
0.0682788
0.02657825
-0.007822149
-0.01283748
0.02213901
0.06642145
0.08243722
0.05347715
-0.01039437
-0.08919095
-0.1513446
-0.1647319
-0.1176541
-0.03017003
0.07289704
0.1671455
0.2279452
0.2295105
0.1482021
-0.002188134
-0.1705222
-0.2978679
-0.3376727
-0.2875189
-0.1773603
-0.03975786
0.09960561
0.2190644
0.3085815
0.3681282
0.3991126
0.4022156
0.3773431
0.3271548
0.2550416
0.1654121
0.06729728
-0.02911768
-0.1157666
-0.1930116
-0.2631648
-0.3252062
-0.3656125
-0.3687299
-0.321841
-0.225591
-0.09107465
0.06603229
0.211149
0.2980502
0.3060892
0.2433578
0.1261109
-0.01582273
-0.1358031
-0.1833055
-0.128024
-0.01398553
0.09964959
0.1705121
0.1689153
0.1035101
0.01502445
-0.05712129
-0.087686
-0.0711408
-0.03696621
-0.03270758
-0.09392447
-0.2058108
-0.3248633
-0.3984104
-0.3763676
-0.23406
-0.005289404
0.2533326
0.4862967
0.6523075
0.7230269
0.7073123
0.6286516
0.5110976
0.3706465
0.2177216
0.05588868
-0.119169
-0.3122391
-0.5223972
-0.7396786
-0.9512386
-1.142416
-1.296499
-1.398514
-1.440544
-1.420333
-1.341945
-1.212244
-1.039015
-0.8329573
-0.6055146
-0.3681295
-0.1322447
0.09069701
0.2892528
0.4519799
0.5674355
