0.07203569
0.06182601
0.05331678
0.04622301
0.04025972
0.03514192
0.03058464
0.02630289
0.02201168
0.01742603
0.01226096
0.006231486
-0.0009442415
-0.009504801
-0.01948243
-0.03055319
-0.04229572
-0.05427878
-0.06607562
-0.07731953
-0.08777972
-0.09723706
-0.1054676
-0.1122473
-0.1173413
-0.1205384
-0.1217263
-0.1208071
-0.1176627
-0.1121776
-0.1042504
-0.09380677
-0.08078681
-0.06517942
-0.04701263
-0.02639016
-0.003561402
0.02096974
0.04622667
0.07058755
0.09225158
0.1095079
0.1208016
0.1248249
0.1208151
0.1093768
0.09216443
0.07107667
0.04804313
0.0249146
0.003074202
-0.01657015
-0.03317082
-0.04595866
-0.05472161
-0.05977801
-0.06158226
-0.06043331
-0.05672948
-0.05088637
-0.04309068
-0.03336296
-0.02194505
-0.009696374
0.002304019
0.01298186
0.02135738
0.02663858
0.02818578
0.025512
0.01852312
0.007828102
-0.005639284
-0.02063412
-0.0355185
-0.0484449
-0.0576012
-0.06121249
-0.05775324
-0.04671818
-0.02909764
-0.006821222
0.01790703
0.04281767
0.06549691
0.0834384
0.09448643
0.09715309
0.09063921
0.07501016
0.05155904
0.02266176
-0.008999942
-0.04080082
-0.07037418
-0.09595133
-0.1160164
-0.1291081
-0.1339097
-0.1298188
-0.1177734
-0.09952489
-0.07697726
-0.0520113
-0.02642442
-0.001848984
0.02031256
0.03912216
0.05463194
0.0672503
0.07744221
0.08558352
0.09192613
0.09671205
0.1001915
0.1025221
0.1034732
0.1026315
0.09954885
0.09375648
0.08490244
0.07328565
0.05967889
0.04499962
0.0303442
0.01737227
0.007915818
0.003074988
0.002906889
0.006951238
0.01399135
0.02225239
0.02985541
0.0348838
0.03552591
0.03065899
0.02001466
0.003671796
-0.01803871
-0.04428854
-0.07340009
-0.1032395
-0.131539
-0.1560902
-0.1750362
-0.1872303
-0.1919138
-0.1885256
-0.1769172
-0.1577313
-0.1324503
-0.1030197
-0.07157519
-0.04028006
-0.01113558
0.01460341
0.03658055
0.05470553
0.06906392
0.08016822
0.0887145
0.09539015
0.100687
0.1046479
0.10718
0.1081216
0.1072944
0.10452
0.09962025
0.09241674
0.08273122
0.07038539
0.05520095
0.03699962
