-0.05916436
-0.01776536
0.01291286
0.03386035
0.04606719
0.05052344
0.04821915
0.04014438
0.02728921
0.01064369
-0.008800439
-0.03002932
-0.05194901
-0.07310669
-0.09074266
-0.1012007
-0.1014854
-0.09020796
-0.067123
-0.03344323
0.008207759
0.05464704
0.1015834
0.1435415
0.1749032
0.1912143
0.1907759
0.1735395
0.1398418
0.09069477
0.02988056
-0.03663713
-0.1024837
-0.16129
-0.2070605
-0.2358009
-0.2456651
-0.2351939
-0.2028662
-0.1484222
-0.07710896
0.002149028
0.0798647
0.1473513
0.1986947
0.2298453
0.2372331
0.217349
0.1692
0.1019193
0.0272979
-0.04287435
-0.09780071
-0.1312225
-0.1415209
-0.1282404
-0.0915072
-0.03421653
0.03388788
0.1003756
0.1527481
0.181587
0.186427
0.1691625
0.1317848
0.07696711
0.01000867
-0.06228857
-0.1328951
-0.1947328
-0.2406018
-0.2649554
-0.2682668
-0.2535627
-0.2245896
-0.1851614
-0.1390473
-0.0899813
-0.04145083
0.003441865
0.04257069
0.07477937
0.1001871
0.1194486
0.1332444
0.1421202
0.14644
0.1465414
0.142985
0.1366459
0.1285624
0.1193933
0.1091475
0.09769336
0.08490235
0.07065503
0.05482672
0.0372851
0.01801988
-0.00284611
-0.0251926
-0.04890161
-0.07378912
-0.099433
-0.124832
-0.1483561
-0.1681746
-0.1824768
-0.1895782
-0.1882576
-0.1778719
-0.1583083
-0.1298524
-0.0930704
-0.04887079
0.001329766
0.05556222
0.1115095
0.1665663
0.2179493
0.2627514
0.2980417
0.3208948
0.3287446
0.3205154
0.2970163
0.2596766
0.2101424
0.1499643
0.08062819
0.00373116
-0.07830691
-0.1613859
-0.2406759
-0.3112715
-0.3686328
-0.4096016
-0.4313215
-0.4310226
-0.4059399
-0.3535347
-0.2739818
-0.1736332
-0.06038453
0.05785689
0.1732551
0.2785534
0.368039
0.4364466
0.4785823
0.4905997
0.4739092
0.4328398
0.3721941
0.2967937
0.2113826
0.1202635
0.02706883
-0.06480946
-0.1520037
-0.2311461
-0.299094
-0.3539472
-0.3954061
-0.4235398
-0.4384847
-0.4404779
-0.4298174
-0.4067832
-0.3716008
-0.324483
-0.2656429
-0.1952932
-0.113647
