-0.2446424
-0.2194704
-0.1947066
-0.1703785
-0.1465135
-0.1231393
-0.1002833
-0.07797311
-0.05623629
-0.03510035
-0.01459284
0.005258695
0.02442672
0.0428837
0.06060208
0.07755434
0.09371292
0.1090503
0.1235389
0.1371512
0.1498597
0.1616368
0.172455
0.1822867
0.1911045
0.1988807
0.2055878
0.2111983
0.2156847
0.2190211
0.2211866
0.222166
0.2219478
0.2205222
0.2178843
0.2140364
0.2089841
0.2027367
0.1953138
0.1867399
0.1770476
0.1662847
0.1545274
0.1418776
0.1284489
0.1143594
0.09972838
0.08467595
0.06932379
0.05379365
0.03819752
0.02262961
0.007171005
-0.008103505
-0.02312095
-0.03780949
-0.05209598
-0.06590363
-0.07915007
-0.09175052
-0.1036303
-0.1147309
-0.1250032
-0.1344031
-0.1428877
-0.1504161
-0.1569492
-0.1624494
-0.1668778
-0.170192
-0.1723486
-0.1733145
-0.1730709
-0.1716094
-0.1689253
-0.1650187
-0.1598924
-0.1535505
-0.1459979
-0.1372359
-0.1272697
-0.1161282
-0.1038821
-0.09063378
-0.07650861
-0.06165203
-0.04623145
-0.03042915
-0.01443306
0.001565278
0.01736911
0.03277941
0.04759666
0.06162241
0.07466341
0.0865409
0.09709348
0.1061783
0.1136836
0.1195424
0.1237326
0.1262696
0.1271865
0.1265225
0.124319
0.1206187
0.1154656
0.1089054
0.1009871
0.09176666
0.08131821
0.069749
0.05720279
0.04384698
0.02986439
0.01544474
0.0007815265
-0.01392944
-0.02849079
-0.04270445
-0.05637448
-0.06931879
-0.08137985
-0.09243946
-0.1024158
-0.1112584
-0.1189493
-0.1255019
-0.1309464
-0.135319
-0.1386571
-0.1409982
-0.1423799
-0.1428399
-0.1424157
-0.1411449
-0.1390653
-0.1362157
-0.1326357
-0.1283652
-0.1234443
-0.1179127
-0.1118104
-0.1051774
-0.09805369
-0.0904791
-0.08249361
-0.07413715
-0.06544968
-0.05647112
-0.04724142
-0.03780052
-0.02818835
-0.01844486
-0.00860998
0.00127634
0.01117417
0.02104356
0.03084458
0.04053728
0.05008174
0.059438
0.06856613
0.07742618
0.08597823
0.09418233
0.1019985
0.1093869
0.1163075
0.1227204
0.1285857
0.1338633
0.1385135
0.1424961
