-0.005801503
0.0003223148
0.006201363
0.01183841
0.01723623
0.02239759
0.02732526
0.03202202
0.03649062
0.04073385
0.04475446
0.04855524
0.05213895
0.05550836
0.05866624
0.06161537
0.06435851
0.06689843
0.0692379
0.07137969
0.07332657
0.07508132
0.0766467
0.07802548
0.07922044
0.08023433
0.08106995
0.08173004
0.08221738
0.08253475
0.08268491
0.08267064
0.08249471
0.08215999
0.08166952
0.08102641
0.08023378
0.07929474
0.07821245
0.07699006
0.07563073
0.07413783
0.07251487
0.07076549
0.06889342
0.06690241
0.06479626
0.06257897
0.06025491
0.0578292
0.05530788
0.05269759
0.05000533
0.04723826
0.04440378
0.04150954
0.03856342
0.03557349
0.03254791
0.02949478
0.02642219
0.02333826
0.02025108
0.01716877
0.01409942
0.01105113
0.008032021
0.005050184
0.002113725
-0.0007692748
-0.003590983
-0.006344329
-0.009023026
-0.01162205
-0.01413753
-0.01656706
-0.01890947
-0.02116437
-0.02333238
-0.025415
-0.02741426
-0.02933258
-0.03117247
-0.03293651
-0.03462759
-0.03624881
-0.03780368
-0.03929584
-0.04072901
-0.04210714
-0.04343424
-0.04471435
-0.04595181
-0.04715119
-0.04831713
-0.04945425
-0.05056724
-0.05166092
-0.05273994
-0.05380886
-0.05487213
-0.05593393
-0.05699825
-0.05806871
-0.05914821
-0.06023869
-0.06134118
-0.06245537
-0.06358019
-0.06471416
-0.06585539
-0.06700128
-0.06814878
-0.06929438
-0.07043449
-0.07156557
-0.07268402
-0.07378589
-0.07486717
-0.07592396
-0.07695241
-0.07794875
-0.07890929
-0.07983039
-0.08070847
-0.08153987
-0.08232099
-0.08304819
-0.08371787
-0.08432639
-0.08487013
-0.08534548
-0.08574881
-0.0860765
-0.08632493
-0.08649047
-0.08656951
-0.08655846
-0.08645401
-0.08625315
-0.08595298
-0.08555058
-0.08504301
-0.08442739
-0.08370077
-0.08286025
-0.0819029
-0.08082582
-0.07962608
-0.07830077
-0.07684696
-0.07526176
-0.07354221
-0.07168543
-0.06968849
-0.06754847
-0.06526246
-0.06282753
-0.06024077
-0.05749927
-0.0546001
-0.05154034
-0.04831709
-0.04492743
-0.04136842
-0.03763717
-0.03373075
-0.02964623
-0.02538072
-0.02093129
-0.01629502
-0.01146899
-0.006450287
-0.001235996
