1.111609e-19
-0.0001031517
-0.0002050748
-0.0003057679
-0.0004052298
-0.0005034594
-0.0006004554
-0.0006962166
-0.0007907417
-0.0008840296
-0.000976079
-0.001066889
-0.001156458
-0.001244784
-0.001331868
-0.001417706
-0.001502299
-0.001585645
-0.001667743
-0.001748591
-0.001828188
-0.001906534
-0.001983626
-0.002059464
-0.002134047
-0.002207373
-0.00227944
-0.002350249
-0.002419797
-0.002488083
-0.002555107
-0.002620866
-0.00268536
-0.002748587
-0.002810547
-0.002871237
-0.002930658
-0.002988806
-0.003045683
-0.003101285
-0.003155612
-0.003208663
-0.003260436
-0.003310931
-0.003360145
-0.003408079
-0.00345473
-0.003500097
-0.003544179
-0.003586975
-0.003628484
-0.003668705
-0.003707635
-0.003745275
-0.003781622
-0.003816676
-0.003850435
-0.003882899
-0.003914065
-0.003943933
-0.003972501
-0.003999769
-0.004025734
-0.004050397
-0.004073755
-0.004095808
-0.004116553
-0.004135991
-0.004154119
-0.004170936
-0.004186442
-0.004200635
-0.004213513
-0.004225077
-0.004235324
-0.004244252
-0.004251862
-0.004258151
-0.004263121
-0.004266777
-0.00426913
-0.004270188
-0.004269958
-0.004268452
-0.004265676
-0.004261639
-0.004256352
-0.004249822
-0.004242057
-0.004233068
-0.004222862
-0.004211449
-0.004198836
-0.004185033
-0.004170049
-0.004153892
-0.004136572
-0.004118096
-0.004098474
-0.004077713
-0.004055825
-0.004032815
-0.004008695
-0.003983472
-0.003957155
-0.003929753
-0.003901274
-0.003871728
-0.003841124
-0.003809468
-0.003776772
-0.003743043
-0.00370829
-0.003672522
-0.003635748
-0.003597977
-0.003559216
-0.003519475
-0.003478764
-0.003437089
-0.003394461
-0.003350887
-0.003306378
-0.003260941
-0.003214585
-0.003167319
-0.003119152
-0.003070093
-0.003020149
-0.002969331
-0.002917646
-0.002865104
-0.002811714
-0.002757483
-0.002702421
-0.002646537
-0.002589839
-0.002532336
-0.002474037
-0.00241495
-0.002355085
-0.002294449
-0.002233053
-0.002170904
-0.002108012
-0.002044384
-0.001980031
-0.00191496
-0.001849181
-0.001782701
-0.001715531
-0.001647678
-0.001579152
-0.00150996
-0.001440113
-0.001369618
-0.001298485
-0.001226722
-0.001154338
-0.001081341
-0.001007741
-0.0009335462
-0.0008587652
-0.000783407
-0.0007074802
-0.0006309937
-0.0005539562
-0.0004763763
-0.000398263
-0.0003196249
-0.0002404708
-0.0001608094
-8.064958e-05
2.48094e-18
