-5.727435e-19
-0.0005318057
-0.001057864
-0.001578167
-0.002092707
-0.002601477
-0.003104468
-0.003601674
-0.004093086
-0.004578697
-0.0050585
-0.005532485
-0.006000647
-0.006462977
-0.006919468
-0.007370112
-0.007814901
-0.008253828
-0.008686884
-0.009114063
-0.009535356
-0.009950758
-0.01036026
-0.01076385
-0.01116153
-0.01155328
-0.0119391
-0.01231898
-0.01269292
-0.0130609
-0.01342292
-0.01377897
-0.01412904
-0.01447313
-0.01481123
-0.01514332
-0.01546941
-0.01578948
-0.01610353
-0.01641155
-0.01671353
-0.01700947
-0.01729935
-0.01758317
-0.01786092
-0.01813259
-0.01839818
-0.01865768
-0.01891108
-0.01915837
-0.01939954
-0.0196346
-0.01986352
-0.02008631
-0.02030294
-0.02051343
-0.02071776
-0.02091591
-0.0211079
-0.02129369
-0.0214733
-0.0216467
-0.0218139
-0.02197489
-0.02212965
-0.02227819
-0.02242048
-0.02255654
-0.02268633
-0.02280987
-0.02292714
-0.02303814
-0.02314285
-0.02324127
-0.02333339
-0.02341921
-0.02349871
-0.02357189
-0.02363874
-0.02369926
-0.02375343
-0.02380124
-0.0238427
-0.02387779
-0.02390651
-0.02392884
-0.02394478
-0.02395433
-0.02395746
-0.02395419
-0.02394449
-0.02392837
-0.02390581
-0.0238768
-0.02384134
-0.02379943
-0.02375104
-0.02369619
-0.02363485
-0.02356702
-0.02349269
-0.02341186
-0.02332451
-0.02323064
-0.02313025
-0.02302332
-0.02290985
-0.02278982
-0.02266324
-0.02253009
-0.02239036
-0.02224405
-0.02209116
-0.02193167
-0.02176557
-0.02159286
-0.02141353
-0.02122757
-0.02103498
-0.02083574
-0.02062986
-0.02041731
-0.0201981
-0.01997222
-0.01973965
-0.0195004
-0.01925445
-0.01900179
-0.01874242
-0.01847634
-0.01820352
-0.01792397
-0.01763768
-0.01734464
-0.01704484
-0.01673828
-0.01642494
-0.01610482
-0.01577791
-0.01544421
-0.0151037
-0.01475639
-0.01440225
-0.01404129
-0.01367349
-0.01329885
-0.01291736
-0.01252901
-0.0121338
-0.01173171
-0.01132275
-0.01090689
-0.01048415
-0.0100545
-0.009617932
-0.009174451
-0.008724044
-0.008266703
-0.00780242
-0.007331189
-0.006853
-0.006367847
-0.005875723
-0.005376618
-0.004870526
-0.004357439
-0.003837348
-0.003310248
-0.00277613
-0.002234986
-0.001686808
-0.00113159
-0.0005693233
-6.153821e-19
