2.713457e-18
-0.0005350735
-0.001064128
-0.001587161
-0.002104168
-0.002615145
-0.003120089
-0.003618998
-0.004111866
-0.00459869
-0.005079467
-0.005554194
-0.006022866
-0.00648548
-0.006942033
-0.007392521
-0.007836941
-0.008275288
-0.00870756
-0.009133752
-0.009553861
-0.009967884
-0.01037582
-0.01077766
-0.0111734
-0.01156304
-0.01194658
-0.01232401
-0.01269533
-0.01306053
-0.01341962
-0.01377258
-0.01411942
-0.01446013
-0.01479471
-0.01512314
-0.01544545
-0.0157616
-0.01607161
-0.01637547
-0.01667318
-0.01696472
-0.01725011
-0.01752933
-0.01780238
-0.01806927
-0.01832997
-0.0185845
-0.01883284
-0.019075
-0.01931097
-0.01954074
-0.01976432
-0.0199817
-0.02019287
-0.02039784
-0.0205966
-0.02078914
-0.02097546
-0.02115556
-0.02132943
-0.02149708
-0.0216585
-0.02181367
-0.02196261
-0.02210531
-0.02224175
-0.02237195
-0.0224959
-0.02261358
-0.02272501
-0.02283017
-0.02292906
-0.02302168
-0.02310803
-0.0231881
-0.02326188
-0.02332938
-0.02339059
-0.02344551
-0.02349413
-0.02353645
-0.02357247
-0.02360217
-0.02362557
-0.02364266
-0.02365342
-0.02365787
-0.02365598
-0.02364777
-0.02363323
-0.02361235
-0.02358514
-0.02355158
-0.02351167
-0.02346541
-0.0234128
-0.02335383
-0.02328851
-0.02321681
-0.02313875
-0.02305432
-0.02296351
-0.02286633
-0.02276276
-0.0226528
-0.02253646
-0.02241373
-0.02228459
-0.02214906
-0.02200712
-0.02185878
-0.02170403
-0.02154286
-0.02137528
-0.02120127
-0.02102084
-0.02083398
-0.02064068
-0.02044096
-0.02023479
-0.02002218
-0.01980312
-0.01957762
-0.01934566
-0.01910724
-0.01886236
-0.01861103
-0.01835322
-0.01808894
-0.01781818
-0.01754095
-0.01725723
-0.01696703
-0.01667034
-0.01636716
-0.01605748
-0.01574131
-0.01541862
-0.01508944
-0.01475374
-0.01441152
-0.01406279
-0.01370754
-0.01334577
-0.01297746
-0.01260263
-0.01222125
-0.01183334
-0.01143889
-0.01103789
-0.01063034
-0.01021624
-0.009795582
-0.009368363
-0.00893458
-0.00849423
-0.008047309
-0.007593812
-0.007133739
-0.006667083
-0.006193841
-0.005714012
-0.00522759
-0.004734571
-0.004234953
-0.003728732
-0.003215905
-0.002696467
-0.002170415
-0.001637746
-0.001098457
-0.0005525423
6.579736e-19
