-1.559861e-18
-8.879932e-05
-0.0001765661
-0.0002633003
-0.000349002
-0.0004336711
-0.0005173077
-0.0005999117
-0.0006814831
-0.000762022
-0.0008415284
-0.0009200022
-0.0009974436
-0.001073852
-0.001149228
-0.001223572
-0.001296883
-0.001369162
-0.001440408
-0.001510621
-0.001579802
-0.00164795
-0.001715066
-0.001781149
-0.0018462
-0.001910218
-0.001973203
-0.002035157
-0.002096077
-0.002155965
-0.00221482
-0.002272643
-0.002329433
-0.002385191
-0.002439916
-0.002493609
-0.002546269
-0.002597896
-0.002648491
-0.002698054
-0.002746584
-0.002794081
-0.002840546
-0.002885978
-0.002930378
-0.002973745
-0.003016079
-0.003057381
-0.003097651
-0.003136888
-0.003175092
-0.003212264
-0.003248403
-0.00328351
-0.003317584
-0.003350626
-0.003382635
-0.003413611
-0.003443555
-0.003472466
-0.003500345
-0.003527192
-0.003553005
-0.003577786
-0.003601535
-0.003624251
-0.003645935
-0.003666586
-0.003686204
-0.00370479
-0.003722344
-0.003738864
-0.003754353
-0.003768808
-0.003782232
-0.003794622
-0.00380598
-0.003816306
-0.003825599
-0.003833859
-0.003841087
-0.003847282
-0.003852445
-0.003856575
-0.003859673
-0.003861738
-0.003862771
-0.003862771
-0.003861738
-0.003859673
-0.003856575
-0.003852445
-0.003847282
-0.003841087
-0.003833859
-0.003825599
-0.003816306
-0.00380598
-0.003794622
-0.003782232
-0.003768808
-0.003754353
-0.003738864
-0.003722344
-0.00370479
-0.003686204
-0.003666586
-0.003645935
-0.003624251
-0.003601535
-0.003577786
-0.003553005
-0.003527192
-0.003500345
-0.003472466
-0.003443555
-0.003413611
-0.003382635
-0.003350626
-0.003317584
-0.00328351
-0.003248403
-0.003212264
-0.003175092
-0.003136888
-0.003097651
-0.003057381
-0.003016079
-0.002973745
-0.002930378
-0.002885978
-0.002840546
-0.002794081
-0.002746584
-0.002698054
-0.002648491
-0.002597896
-0.002546269
-0.002493609
-0.002439916
-0.002385191
-0.002329433
-0.002272643
-0.00221482
-0.002155965
-0.002096077
-0.002035157
-0.001973203
-0.001910218
-0.0018462
-0.001781149
-0.001715066
-0.00164795
-0.001579802
-0.001510621
-0.001440408
-0.001369162
-0.001296883
-0.001223572
-0.001149228
-0.001073852
-0.0009974436
-0.0009200022
-0.0008415284
-0.000762022
-0.0006814831
-0.0005999117
-0.0005173077
-0.0004336711
-0.000349002
-0.0002633003
-0.0001765661
-8.879932e-05
-1.444532e-18
