-2.183847e-18
-8.430182e-05
-0.0001676234
-0.0002499647
-0.0003313257
-0.0004117066
-0.0004911071
-0.0005695274
-0.0006469674
-0.0007234272
-0.0007989068
-0.0008734061
-0.0009469251
-0.001019464
-0.001091022
-0.001161601
-0.001231199
-0.001299816
-0.001367454
-0.001434111
-0.001499788
-0.001564485
-0.001628201
-0.001690938
-0.001752694
-0.001813469
-0.001873265
-0.00193208
-0.001989915
-0.00204677
-0.002102644
-0.002157538
-0.002211452
-0.002264386
-0.00231634
-0.002367313
-0.002417306
-0.002466318
-0.002514351
-0.002561403
-0.002607475
-0.002652567
-0.002696678
-0.002739809
-0.00278196
-0.002823131
-0.002863321
-0.002902531
-0.002940761
-0.002978011
-0.00301428
-0.003049569
-0.003083878
-0.003117207
-0.003149555
-0.003180923
-0.003211311
-0.003240719
-0.003269146
-0.003296593
-0.00332306
-0.003348547
-0.003373053
-0.003396579
-0.003419125
-0.00344069
-0.003461276
-0.003480881
-0.003499506
-0.00351715
-0.003533815
-0.003549499
-0.003564202
-0.003577926
-0.003590669
-0.003602432
-0.003613215
-0.003623018
-0.00363184
-0.003639682
-0.003646544
-0.003652425
-0.003657327
-0.003661248
-0.003664188
-0.003666149
-0.003667129
-0.003667129
-0.003666149
-0.003664188
-0.003661248
-0.003657327
-0.003652425
-0.003646544
-0.003639682
-0.00363184
-0.003623018
-0.003613215
-0.003602432
-0.003590669
-0.003577926
-0.003564202
-0.003549499
-0.003533815
-0.00351715
-0.003499506
-0.003480881
-0.003461276
-0.00344069
-0.003419125
-0.003396579
-0.003373053
-0.003348547
-0.00332306
-0.003296593
-0.003269146
-0.003240719
-0.003211311
-0.003180923
-0.003149555
-0.003117207
-0.003083878
-0.003049569
-0.00301428
-0.002978011
-0.002940761
-0.002902531
-0.002863321
-0.002823131
-0.00278196
-0.002739809
-0.002696678
-0.002652567
-0.002607475
-0.002561403
-0.002514351
-0.002466318
-0.002417306
-0.002367313
-0.00231634
-0.002264386
-0.002211452
-0.002157538
-0.002102644
-0.00204677
-0.001989915
-0.00193208
-0.001873265
-0.001813469
-0.001752694
-0.001690938
-0.001628201
-0.001564485
-0.001499788
-0.001434111
-0.001367454
-0.001299816
-0.001231199
-0.001161601
-0.001091022
-0.001019464
-0.0009469251
-0.0008734061
-0.0007989068
-0.0007234272
-0.0006469674
-0.0005695274
-0.0004911071
-0.0004117066
-0.0003313257
-0.0002499647
-0.0001676234
-8.430182e-05
1.183229e-18
