-7.861464e-19
-0.0004998612
-0.00099391
-0.001482147
-0.001964571
-0.002441182
-0.002911982
-0.003376969
-0.003836144
-0.004289506
-0.004737056
-0.005178794
-0.00561472
-0.006044833
-0.006469134
-0.006887622
-0.007300298
-0.007707162
-0.008108214
-0.008503452
-0.008892879
-0.009276493
-0.009654296
-0.01002629
-0.01039246
-0.01075283
-0.01110738
-0.01145612
-0.01179905
-0.01213616
-0.01246747
-0.01279296
-0.01311264
-0.0134265
-0.01373456
-0.0140368
-0.01433323
-0.01462385
-0.01490865
-0.01518764
-0.01546082
-0.01572819
-0.01598975
-0.01624549
-0.01649542
-0.01673954
-0.01697784
-0.01721034
-0.01743702
-0.01765789
-0.01787294
-0.01808219
-0.01828562
-0.01848324
-0.01867505
-0.01886104
-0.01904122
-0.01921559
-0.01938415
-0.0195469
-0.01970383
-0.01985495
-0.02000026
-0.02013976
-0.02027344
-0.02040131
-0.02052337
-0.02063962
-0.02075005
-0.02085467
-0.02095348
-0.02104648
-0.02113366
-0.02121504
-0.0212906
-0.02136035
-0.02142428
-0.02148241
-0.02153472
-0.02158122
-0.0216219
-0.02165678
-0.02168584
-0.02170909
-0.02172652
-0.02173815
-0.02174396
-0.02174396
-0.02173815
-0.02172652
-0.02170909
-0.02168584
-0.02165678
-0.0216219
-0.02158122
-0.02153472
-0.02148241
-0.02142428
-0.02136035
-0.0212906
-0.02121504
-0.02113366
-0.02104648
-0.02095348
-0.02085467
-0.02075005
-0.02063962
-0.02052337
-0.02040131
-0.02027344
-0.02013976
-0.02000026
-0.01985495
-0.01970383
-0.0195469
-0.01938415
-0.01921559
-0.01904122
-0.01886104
-0.01867505
-0.01848324
-0.01828562
-0.01808219
-0.01787294
-0.01765789
-0.01743702
-0.01721034
-0.01697784
-0.01673954
-0.01649542
-0.01624549
-0.01598975
-0.01572819
-0.01546082
-0.01518764
-0.01490865
-0.01462385
-0.01433323
-0.0140368
-0.01373456
-0.0134265
-0.01311264
-0.01279296
-0.01246747
-0.01213616
-0.01179905
-0.01145612
-0.01110738
-0.01075283
-0.01039246
-0.01002629
-0.009654296
-0.009276493
-0.008892879
-0.008503452
-0.008108214
-0.007707162
-0.007300298
-0.006887622
-0.006469134
-0.006044833
-0.00561472
-0.005178794
-0.004737056
-0.004289506
-0.003836144
-0.003376969
-0.002911982
-0.002441182
-0.001964571
-0.001482147
-0.00099391
-0.0004998612
-4.317734e-20
