1851 1
1852 0
1853 0
1854 0
1855 0
1856 0
1857 0
1858 1
1859 0
1860 0
1861 1
1862 0
1863 0
1864 0
1865 0
1866 0
1867 0
1868 0
1869 2
1870 0
1871 0
1872 0
1873 0
1874 0
1875 0
1876 0
1877 0
1878 0
1879 1
1880 1
1881 0
1882 1
1883 0
1884 0
1885 0
1886 0
1887 0
1888 1
1889 0
1890 0
1891 0
1892 0
1893 2
1894 1
1895 0
1896 1
1897 1
1898 0
1899 0
1900 0
1901 0
1902 0
1903 1
1904 0
1905 0
1906 0
1907 0
1908 1
1909 0
1910 0
1911 0
1912 0
1913 0
1914 0
1915 0
1916 1
1917 0
1918 0
1919 0
1920 0
1921 0
1922 0
1923 1
1924 0
1925 0
1926 0
1927 0
1928 0
1929 0
1930 0
1931 0
1932 0
1933 0
1934 1
1935 0
1936 0
1937 0
1938 1
1939 0
1940 0
1941 0
1942 0
1943 1
1944 1
1945 0
1946 0
1947 0
1948 0
1949 0
1950 0
1951 0
1952 0
1953 0
1954 2
1955 0
1956 0
1957 0
1958 0
1959 1
1960 1
1961 2
1962 0
1963 0
1964 0
1965 0
1966 0
1967 1
1968 1
1969 1
1970 0
1971 1
1972 2
1973 0
1974 0
1975 0
1976 1
1977 0
1978 0
1979 0
1980 0
1981 0
1982 0
1983 1
1984 0
1985 2
1986 0
1987 0
1988 0
1989 0
1990 0
1991 1
1992 1
1993 0
1994 0
1995 0
1996 0
1997 0
1998 0
1999 0
2000 0
2001 0
2002 0
2003 0
2004 1
2005 0
2006 1
2007 0
2008 0
2009 0
2010 0
2011 1
2012 1
2013 0
2014 0
2015 0
2016 0
2017 0
2018 0
2019 0
2020 1
2021 2
2022 0
2023 0
2024 0
