1851 1
1852 2
1853 0
1854 0
1855 0
1856 1
1857 0
1858 1
1859 2
1860 0
1861 1
1862 0
1863 0
1864 0
1865 1
1866 0
1867 0
1868 1
1869 0
1870 2
1871 1
1872 1
1873 2
1874 1
1875 1
1876 0
1877 3
1878 3
1879 2
1880 2
1881 1
1882 2
1883 0
1884 0
1885 3
1886 2
1887 3
1888 1
1889 1
1890 0
1891 0
1892 1
1893 0
1894 2
1895 0
1896 3
1897 2
1898 1
1899 1
1900 1
1901 1
1902 1
1903 1
1904 1
1905 0
1906 2
1907 2
1908 0
1909 0
1910 1
1911 1
1912 1
1913 0
1914 0
1915 1
1916 2
1917 1
1918 0
1919 2
1920 1
1921 1
1922 0
1923 0
1924 2
1925 1
1926 1
1927 0
1928 0
1929 1
1930 1
1931 0
1932 1
1933 1
1934 1
1935 0
1936 2
1937 2
1938 0
1939 1
1940 0
1941 1
1942 0
1943 0
1944 2
1945 2
1946 1
1947 2
1948 2
1949 0
1950 2
1951 1
1952 0
1953 4
1954 0
1955 0
1956 1
1957 1
1958 0
1959 2
1960 1
1961 0
1962 0
1963 0
1964 0
1965 1
1966 2
1967 0
1968 2
1969 2
1970 1
1971 2
1972 1
1973 1
1974 0
1975 1
1976 1
1977 2
1978 0
1979 1
1980 2
1981 0
1982 0
1983 1
1984 0
1985 1
1986 0
1987 0
1988 1
1989 0
1990 0
1991 0
1992 0
1993 0
1994 3
1995 2
1996 0
1997 1
1998 3
1999 2
2000 2
2001 2
2002 1
2003 1
2004 3
2005 3
2006 0
2007 2
2008 2
2009 1
2010 0
2011 0
2012 1
2013 1
2014 0
2015 0
2016 0
2017 2
2018 3
2019 0
2020 1
2021 2
2022 2
2023 0
2024 1
