1851 0
1852 0
1853 0
1854 0
1855 0
1856 1
1857 1
1858 0
1859 1
1860 0
1861 2
1862 0
1863 1
1864 0
1865 1
1866 0
1867 1
1868 0
1869 0
1870 0
1871 2
1872 1
1873 1
1874 1
1875 0
1876 2
1877 0
1878 2
1879 1
1880 2
1881 1
1882 1
1883 1
1884 0
1885 1
1886 0
1887 0
1888 3
1889 1
1890 0
1891 2
1892 1
1893 2
1894 1
1895 1
1896 0
1897 3
1898 3
1899 3
1900 0
1901 2
1902 0
1903 1
1904 2
1905 0
1906 3
1907 0
1908 3
1909 3
1910 0
1911 1
1912 0
1913 2
1914 1
1915 1
1916 4
1917 0
1918 1
1919 0
1920 1
1921 0
1922 0
1923 0
1924 0
1925 0
1926 2
1927 1
1928 3
1929 1
1930 0
1931 0
1932 1
1933 3
1934 1
1935 2
1936 2
1937 1
1938 0
1939 1
1940 1
1941 1
1942 0
1943 0
1944 1
1945 2
1946 2
1947 3
1948 3
1949 2
1950 1
1951 0
1952 2
1953 1
1954 1
1955 3
1956 1
1957 0
1958 0
1959 2
1960 3
1961 1
1962 1
1963 1
1964 3
1965 2
1966 1
1967 2
1968 1
1969 0
1970 1
1971 4
1972 3
1973 1
1974 1
1975 1
1976 4
1977 1
1978 0
1979 2
1980 1
1981 2
1982 0
1983 1
1984 1
1985 3
1986 1
1987 1
1988 1
1989 1
1990 0
1991 0
1992 1
1993 0
1994 2
1995 2
1996 3
1997 0
1998 1
1999 4
2000 0
2001 0
2002 2
2003 1
2004 4
2005 2
2006 1
2007 1
2008 3
2009 0
2010 1
2011 1
2012 1
2013 0
2014 1
2015 1
2016 3
2017 1
2018 2
2019 1
2020 4
2021 1
2022 3
2023 1
2024 1
