0.1297803
0.1843874
0.1377038
-0.09418137
-0.4130859
0.3016975
0.2849791
-0.5169715
0.6478379
-0.7862661
0.8448426
-0.772905
0.6164808
-0.4941557
0.4636286
-0.4965557
0.5336881
-0.231992
-0.08920534
-0.5948654
0.5995146
-0.4885531
0.007675792
0.4124968
-0.8118582
0.9489226
-0.9609671
0.8241823
-0.6114009
0.4145013
-0.2529591
0.01537947
0.2650769
-0.4612604
0.7091302
-0.6518085
-1.229661
1.349727
-0.4732552
-1.104564
0.8128096
-0.5336564
0.3736056
-0.2804528
0.4415289
-0.724488
0.7481391
-0.1488121
0.7948165
-1.01493
1.095793
-1.084021
0.03516483
1.080896
-1.245338
1.477638
-1.611289
1.161765
1.331572
-0.9266862
0.6548408
-0.6256455
0.8619123
-0.8615972
-1.486135
1.506226
-1.222133
0.7980052
-0.4740893
0.3230304
-0.2724047
0.1097414
0.2183715
0.04380032
-0.5360377
0.7060034
-0.8869154
1.044917
-0.5582952
-1.119166
-1.107227
-0.4968974
1.095396
-0.9941845
0.2873341
0.7525598
0.1641428
-0.6043277
0.3523131
0.2802166
0.4230061
-0.3969353
-0.46548
0.05894513
0.3593025
-0.3269065
0.3758996
0.543263
0.2012664
-0.1012669
-0.8066584
0.8961304
-0.7061629
-0.9908733
1.157381
-0.5009576
-1.156775
-1.219251
0.426905
1.193006
-0.6526989
-0.4294038
-0.7864636
0.7427314
-0.2193915
-0.7558748
0.8986579
0.1298337
-1.172447
-0.856213
1.485261
0.4301122
-1.357151
-1.144378
-1.413425
1.490119
-0.8270177
-1.084115
0.8840575
-0.6967198
0.5751892
-0.5194527
0.4981139
-0.6093115
0.7279055
-0.7676299
-0.04362119
0.3774749
0.5741795
-0.4440795
-0.4552562
0.5765094
-0.5449119
0.5461381
-0.2649733
1.086933
-1.464722
-0.8642753
1.787482
-1.642712
-0.8959579
1.12343
-1.020992
1.096527
-0.8676764
-1.399912
-1.030897
1.353882
-1.108109
0.17301
0.1647369
0.3909924
-0.3625351
0.4127406
-0.5878024
0.6639299
-0.7190427
0.8282156
-1.023224
1.223687
-1.311183
1.269872
-0.4661273
-0.547236
