0.8431571
0.8461664
0.8492445
0.8523913
0.8556067
0.858891
0.8622438
0.8656654
0.8691557
0.8727147
0.8763424
0.8800389
0.883804
0.8876378
0.8915403
0.8955115
0.8995515
0.9036601
0.9078375
0.9120835
0.9163983
0.9207817
0.9252339
0.9297547
0.9343444
0.9390026
0.9437296
0.9485253
0.9533897
0.9583228
0.9633246
0.9683951
0.9735343
0.9787423
0.9840189
0.9893643
0.9947783
1.000261
1.005813
1.011433
1.017121
1.022879
1.028705
1.0346
1.040564
1.046596
1.052697
1.058867
1.065106
1.071413
1.077789
1.084234
1.090747
1.097329
1.10398
1.110699
1.117487
1.124344
1.13127
1.138264
1.145327
1.152458
1.159659
1.166928
1.174266
1.181672
1.189147
1.196691
1.204304
1.211985
1.219735
1.227554
1.235441
1.243397
1.251422
1.259516
1.267678
1.275909
1.284209
1.292577
1.301014
1.30952
1.318094
1.326738
1.335449
1.34423
1.353079
1.361997
1.370984
1.380039
1.389164
1.398356
1.407618
1.416948
1.426347
1.435815
1.445351
1.454956
1.46463
1.474372
1.484184
1.494063
1.504012
1.514029
1.524115
1.53427
1.544493
1.554785
1.565146
1.575576
1.586074
1.596641
1.607277
1.617981
1.628754
1.639596
1.650506
1.661485
1.672533
1.68365
1.694835
1.706089
1.717412
1.728803
1.740263
1.751792
1.763389
1.775056
1.786791
1.798594
1.810467
1.822408
1.834417
1.846496
1.858643
1.870859
1.883143
1.895497
1.907919
1.920409
1.932969
1.945597
1.958294
1.971059
1.983893
1.996796
2.009768
2.022808
2.035917
2.049095
2.062341
2.075656
2.08904
2.102493
2.116014
2.129604
2.143263
2.15699
2.170786
2.184651
2.198584
2.212586
2.226657
2.240797
2.255005
2.269282
2.283628
2.298042
2.312526
2.327077
2.341698
2.356387
2.371145
2.385972
