0.3200558
0.3192027
0.3183641
0.3175397
0.3167298
0.3159342
0.315153
0.3143862
0.3136337
0.3128956
0.3121719
0.3114626
0.3107676
0.3100869
0.3094207
0.3087688
0.3081313
0.3075081
0.3068994
0.306305
0.3057249
0.3051592
0.304608
0.304071
0.3035485
0.3030403
0.3025464
0.302067
0.3016019
0.3011512
0.3007148
0.3002928
0.2998852
0.299492
0.2991131
0.2987486
0.2983984
0.2980627
0.2977413
0.2974342
0.2971416
0.2968633
0.2965994
0.2963498
0.2961146
0.2958938
0.2956873
0.2954952
0.2953175
0.2951542
0.2950052
0.2948706
0.2947504
0.2946445
0.294553
0.2944759
0.2944131
0.2943647
0.2943307
0.294311
0.2943057
0.2943148
0.2943383
0.2943761
0.2944283
0.2944948
0.2945757
0.294671
0.2947807
0.2949047
0.2950431
0.2951959
0.295363
0.2955445
0.2957404
0.2959506
0.2961752
0.2964142
0.2966676
0.2969353
0.2972174
0.2975138
0.2978247
0.2981499
0.2984894
0.2988433
0.2992116
0.2995943
0.2999913
0.3004027
0.3008285
0.3012686
0.3017232
0.302192
0.3026753
0.3031729
0.3036849
0.3042112
0.304752
0.3053071
0.3058765
0.3064604
0.3070585
0.3076711
0.3082981
0.3089393
0.309595
0.3102651
0.3109495
0.3116482
0.3123614
0.3130889
0.3138308
0.3145871
0.3153577
0.3161427
0.316942
0.3177558
0.3185838
0.3194263
0.3202831
0.3211544
0.3220399
0.3229399
0.3238542
0.3247829
0.3257259
0.3266833
0.3276551
0.3286413
0.3296418
0.3306567
0.3316859
0.3327296
0.3337876
0.3348599
0.3359467
0.3370478
0.3381633
0.3392931
0.3404373
0.3415959
0.3427688
0.3439561
0.3451578
0.3463739
0.3476043
0.3488491
0.3501082
0.3513818
0.3526697
0.3539719
0.3552886
0.3566196
0.357965
0.3593247
0.3606988
0.3620873
0.3634901
0.3649074
0.3663389
0.3677849
0.3692452
0.3707199
0.372209
0.3737124
0.3752302
0.3767624
0.3783089
0.3798698
0.3814451
0.3830347
0.3846387
0.3862571
