0.1363384
-0.160563
0.1193146
0.1142616
0.01180516
-0.1627134
-0.3787123
0.4849098
-0.4784644
-0.4836894
0.474074
-0.4141569
-0.09486046
0.2188643
0.4084968
0.317884
-0.1398378
-0.7942092
0.8335515
-0.7919954
-0.188612
0.2056145
0.2709795
0.2163218
0.1376234
0.03894052
-0.1470575
-0.3828421
0.4322828
0.4252819
-0.509156
0.4631096
-0.3706401
0.0001738861
0.2294924
0.08126438
-0.3226031
0.3586371
-0.4055553
0.04780632
-0.02504492
-0.6685147
0.7758288
-0.1533971
-0.7690846
0.4552908
0.5483403
-0.3068403
-0.02720646
0.1658174
0.03932505
-0.353087
0.3665403
-0.3500688
0.1019557
0.07808301
-0.3486055
0.3800527
-0.3781502
-0.0396957
0.181046
0.2337802
0.1825836
-0.03384451
-0.3840792
0.4003617
-0.3834914
0.0007392959
0.2359315
0.2251012
-0.01173232
-0.3904558
0.4028799
-0.3683652
-0.06765102
0.0795401
0.0689693
0.03056557
0.04504239
0.09617173
0.09132122
-0.06507295
-0.3792935
0.410097
-0.3579254
-0.09283878
-0.346502
0.3946957
-0.3267472
0.09297792
0.09052856
-0.3355275
0.2917276
0.2991574
-0.3599618
-0.03039113
0.1581209
0.2196069
0.3064812
0.3670178
0.2567112
-0.1710895
-0.8440434
0.8201599
-0.6952406
-0.05406618
0.1784432
-0.1982032
0.2275693
-0.3927249
0.5626049
-0.6252051
0.1198129
0.3986892
0.2215473
-0.2389207
0.3569632
0.2040042
0.3201914
-0.7138633
-0.04045359
0.8498306
-0.7809775
-0.4196834
-0.5018619
0.4417742
-0.3038562
-0.01109961
0.1162172
0.04229721
-0.1370049
-0.3229809
0.5863218
-0.7563769
0.8446604
-0.8252711
-0.1265658
0.273686
0.1057697
-0.4097045
0.2524292
0.3273084
-0.2937906
-0.01274676
0.08769965
0.05713051
0.02069265
-0.0002148723
0.01410482
0.04586667
0.02791869
-0.1112216
-0.3785284
0.4808868
-0.5077711
0.474739
-0.3349802
0.001790841
0.04188831
-0.3259113
0.3008962
0.3144208
-0.3549761
0.01451717
0.2305077
0.2677522
0.1683538
-0.128268
-0.568387
0.01075253
0.8342984
-0.9770336
-0.6073845
-0.2722895
