-0.1151907
-0.1687981
0.05330639
0.2830255
0.252262
-0.1590535
-0.4868033
-0.2764678
0.3843844
0.978915
0.566236
-0.5135084
-1.042111
-0.1280881
0.911085
0.403263
-0.5607939
-0.3980605
0.1330083
0.2141869
0.1453127
0.06012924
0.02805438
0.07402807
0.04857728
-0.2297042
-0.5930873
-0.1334763
0.8358476
0.9824544
0.2858515
-0.7337736
-1.183757
-0.8888975
-0.1032291
0.670282
1.001875
0.6502752
-0.1203457
-0.5456212
-0.3248838
0.1062302
0.1637914
-0.01506965
-0.05659213
-0.1228812
-0.1320609
-0.01298915
0.1828257
0.1489807
-0.02921595
-0.182297
-0.1652367
0.06731106
0.2087529
-0.1482167
-0.3626662
0.1857769
0.57459
0.2222932
-0.3362905
-0.5113019
-0.2146839
0.1978801
0.340207
0.1452946
-0.06189432
-0.0007380656
0.05747899
-0.1693958
-0.3586553
0.008228789
0.4942785
0.2358827
-0.2470386
-0.4181839
-0.08805837
0.07341697
-0.2172743
-0.4155431
0.08153541
0.6506884
0.5207025
-0.2258829
-0.6403091
-0.1717641
0.3010885
0.1984583
-0.01452245
-0.07824735
-0.004783986
0.1844171
0.1732022
-0.1851968
-0.5113957
-0.3297564
0.3710739
0.8240104
0.5463633
-0.200108
-0.8204149
-0.9841268
-0.7001501
-0.135078
0.482725
0.8583322
0.6711146
0.05773248
-0.4969885
-0.7287426
-0.5835207
-0.1185921
0.5067908
0.8803633
0.5777742
-0.3866298
-1.145055
-0.7080972
0.4655721
1.371441
1.180277
-0.2729926
-1.055752
-0.8511472
-0.8977273
-0.7995264
0.01904451
0.9904365
1.459772
1.163309
0.06493893
-1.066281
-1.294854
-0.3969659
0.6267897
0.6712964
0.3796895
0.5687956
0.5658267
0.09369522
-0.1747078
-0.150646
-0.06785833
-0.2276012
-0.6006443
-0.3699211
0.3588444
0.7819087
-0.0283705
-0.9356041
-0.3483455
0.839003
1.008146
0.2504703
-0.7901306
-0.8358392
-0.05245281
0.6378822
0.5544268
0.2016679
-0.1020554
-0.2299545
-0.3015991
-0.4341509
-0.459962
-0.1440154
0.1464566
0.2602228
0.420694
0.4658292
0.2001473
-0.2138892
-0.524332
-0.479233
