0.1936587
-0.09225844
-0.2361833
-0.2669094
-0.2132303
-0.1044437
0.02683871
0.1422437
0.2029781
0.1816798
0.0868318
-0.03830044
-0.1482844
-0.2107052
-0.1971971
-0.1017788
0.04181799
0.1809262
0.2595579
0.2378048
0.1394278
0.004965266
-0.1254237
-0.2109126
-0.223065
-0.1610685
-0.04804037
0.08223374
0.1920831
0.2449254
0.2195595
0.1210718
-0.01061371
-0.1355369
-0.2266996
-0.2695471
-0.2721179
-0.2434764
-0.1891484
-0.1065637
0.005681022
0.1327285
0.236252
0.2805991
0.2602263
0.1788411
0.05305445
-0.06924485
-0.1489357
-0.1747329
-0.1479083
-0.08937699
-0.02455027
0.02562328
0.0599534
0.0816857
0.08899462
0.07525791
0.03733855
-0.01409271
-0.06378957
-0.08929694
-0.07378172
-0.03106828
0.01240934
0.03319101
0.01721318
-0.01600533
-0.03776141
-0.02280603
0.02850622
0.08826347
0.1248916
0.1154258
0.06679314
-0.005646533
-0.08300402
-0.1401696
-0.1582833
-0.1339429
-0.07542042
0.001288037
0.07596561
0.1248225
0.1294743
0.09461381
0.03673827
-0.01694463
-0.04174658
-0.03145272
0.01140983
0.07053255
0.1148542
0.1155282
0.06667802
-0.01922964
-0.1228933
-0.2113015
-0.2502574
-0.229133
-0.1591038
-0.0599417
0.04818904
0.1462954
0.2185261
0.2628549
0.2808354
0.2728108
0.2359836
0.1663417
0.06029763
-0.07655692
-0.2120593
-0.3075937
-0.3324908
-0.2865759
-0.1813528
-0.03788031
0.1079396
0.211616
0.2463011
0.2161873
0.1384878
0.04749518
-0.02642767
-0.08527007
-0.1354954
-0.1722094
-0.1860594
-0.1657148
-0.1048332
-0.00889793
0.09344031
0.156834
0.1607667
0.1022517
0.01764256
-0.04668757
-0.0589458
-0.0307293
0.01332039
0.05074343
0.07020932
0.06480129
0.02994327
-0.02793057
-0.09048818
-0.1390829
-0.1610111
-0.146523
-0.08981851
0.003025227
0.1069733
0.1824931
0.1947562
0.1388941
0.05319621
-0.02702967
-0.07589757
-0.09028191
-0.08895466
-0.09182373
-0.1040771
-0.1198656
-0.1302368
-0.1223355
-0.08812172
-0.03416506
0.02796722
0.08714616
0.1324678
0.1530282
0.1379235
0.07624973
