-0.203228
-0.2671124
-0.3239958
-0.3738297
-0.4165655
-0.4521546
-0.4805484
-0.5016983
-0.5155557
-0.522072
-0.5211987
-0.5128871
-0.4970886
-0.473755
-0.4428655
-0.4045162
-0.3589638
-0.3068146
-0.2489306
-0.1864168
-0.1205962
-0.05297732
0.01458437
0.07995939
0.1409528
0.1955968
0.2424271
0.2803127
0.3085527
0.3271361
0.336432
0.337018
0.3297608
0.3157803
0.2964639
0.2733428
0.2479832
0.2218748
0.1963817
0.1727962
0.1522716
0.135569
0.1224935
0.1118521
0.1022817
0.09248035
0.08118282
0.067332
0.05054256
0.03073362
0.00787867
-0.01800918
-0.04652605
-0.07614721
-0.1045457
-0.1291423
-0.1475244
-0.1579877
-0.1596158
-0.151945
-0.1348331
-0.1086713
-0.07489819
-0.03581881
0.005811648
0.04688602
0.08410406
0.1143345
0.1353167
0.1457699
0.1449668
0.132594
0.1093985
0.07780336
0.0410519
0.002447597
-0.03518861
-0.06959862
-0.09878393
-0.1210573
-0.1355179
-0.1422904
-0.1419823
-0.1352006
-0.1224961
-0.1044051
-0.0814744
-0.05474237
-0.02560609
0.004489579
0.03420161
0.06236869
0.0878515
0.1096852
0.1270695
0.1392536
0.1454868
0.1450627
0.1375698
0.1230985
0.1023106
0.07625389
0.04632717
0.01414427
-0.01860948
-0.05022998
-0.07901402
-0.1032788
-0.1214053
-0.1319798
-0.1339827
-0.1266511
-0.1098104
-0.08466864
-0.05313738
-0.01727753
0.02076542
0.05873286
0.09433765
0.125516
0.1506129
0.1682037
0.176937
0.1755534
0.1631254
0.139572
0.1053126
0.06106514
0.008031049
-0.05162914
-0.1154561
-0.1810354
-0.2456817
-0.3057807
-0.356805
-0.3942263
-0.414625
-0.4172588
-0.4023638
-0.3703882
-0.322244
-0.259945
-0.1864637
-0.1049561
-0.01857129
0.06954645
0.1563056
0.2389467
0.3155436
0.3849076
0.4463838
0.4997141
0.5448653
0.581838
0.6105896
0.6309963
0.642898
0.6461158
0.6404595
0.6257376
0.6017582
0.5683295
0.5252597
0.4723572
0.4094299
0.3362864
0.2527346
0.1585829
0.05363937
-0.06228762
-0.1893899
-0.3278593
-0.4778875
-0.6396664
