-0.1949743
-0.0772228
0.0234191
0.1076771
0.1762768
0.2299441
0.2694046
0.2953839
0.3086079
0.3098021
0.2996936
0.2790008
0.2483937
0.2085303
0.1600609
0.1037944
0.041324
-0.02487148
-0.09186583
-0.1561264
-0.2132981
-0.2587315
-0.2885805
-0.3003766
-0.2926715
-0.2655678
-0.221666
-0.164792
-0.09914026
-0.02918405
0.04023914
0.1040074
0.1569659
0.1952733
0.2176057
0.2239673
0.2148241
0.1913444
0.1562304
0.1130568
0.06553724
0.0173458
-0.02805742
-0.0677463
-0.09968464
-0.1230562
-0.1376607
-0.1433397
-0.1398495
-0.127204
-0.1061479
-0.07818961
-0.04507167
-0.008538115
0.029757
0.06795385
0.1032283
0.1325728
0.1530238
0.1620382
0.1589796
0.145466
0.1235092
0.09518012
0.06271912
0.02840982
-0.005421659
-0.03746044
-0.0694221
-0.1028999
-0.1374153
-0.1713329
-0.2027319
-0.2292381
-0.246391
-0.2490097
-0.2318062
-0.1904364
-0.1258169
-0.04471748
0.0448539
0.1348189
0.2172576
0.2855184
0.3339513
0.357558
0.3536447
0.3237967
0.2721792
0.2036957
0.1237163
0.03765981
-0.04941016
-0.1325922
-0.2073634
-0.2698598
-0.317458
-0.3487687
-0.3640974
-0.3659615
-0.3576343
-0.3422908
-0.3223496
-0.2992176
-0.2739662
-0.2476035
-0.2211079
-0.1952941
-0.1701719
-0.1445193
-0.1166606
-0.08486182
-0.04738823
-0.002522127
0.05103478
0.1125375
0.178667
0.2454522
0.308894
0.3650111
0.4102766
0.4429574
0.4621426
0.4672856
0.4580957
0.4347876
0.3987421
0.3517285
0.2956672
0.2324014
0.1630095
0.08829768
0.009145379
-0.07338277
-0.1575223
-0.2401365
-0.3176232
-0.3866768
-0.4446908
-0.4896573
-0.5194883
-0.5320972
-0.5255477
-0.4989484
-0.4545347
-0.3957814
-0.3263906
-0.2502493
-0.171441
-0.09386328
-0.02056796
0.04706945
0.1084456
0.1632483
0.2114931
0.2533851
0.2891436
0.3189833
0.3431191
0.3617659
0.3751363
0.38343
0.3868237
0.385489
0.3795971
0.3693197
0.3548283
0.3362944
0.3138893
0.2877846
0.2581519
0.2251626
0.1889881
0.1498
