-0.2622481
-0.259315
-0.2546046
-0.2482161
-0.2402484
-0.2308007
-0.2199721
-0.2078615
-0.194568
-0.1801907
-0.1648287
-0.148581
-0.1315467
-0.1138249
-0.09551451
-0.07671474
-0.05752467
-0.0380433
-0.01836959
0.001397504
0.02115902
0.04081601
0.06026947
0.07942009
0.09816454
0.1163847
0.1339495
0.1507245
0.1665747
0.1813651
0.194961
0.2072273
0.2180292
0.2272319
0.2347052
0.2403384
0.2440573
0.2458383
0.2457001
0.2436812
0.2398327
0.2342098
0.2268672
0.2178578
0.2072362
0.1950657
0.1814238
0.1664102
0.1501465
0.1327678
0.1144051
0.095182
0.07522479
0.05466942
0.03366125
0.0123562
-0.00909232
-0.03053836
-0.05183746
-0.07282729
-0.09329556
-0.1129854
-0.1316418
-0.1490282
-0.164924
-0.1791176
-0.1913974
-0.2015362
-0.2093087
-0.2144959
-0.2168916
-0.2163387
-0.212796
-0.2063522
-0.1971893
-0.1855612
-0.1717974
-0.1562876
-0.1394459
-0.1216808
-0.1033988
-0.08500843
-0.06691737
-0.0495299
-0.03324642
-0.01845066
-0.005449697
0.005628996
0.01482465
0.02225527
0.02805686
0.03237589
0.03536792
0.03718955
0.03799692
0.03794319
0.0371826
0.03587291
0.03416518
0.03218625
0.03004726
0.02785704
0.02572335
0.02374927
0.02202212
0.02059429
0.01949053
0.01870763
0.01820529
0.01791433
0.01774305
0.01758993
0.01735465
0.01694452
0.01627159
0.01526313
0.01386031
0.01201361
0.009679352
0.006815834
0.003384752
-0.0006448987
-0.005287451
-0.01053205
-0.01634853
-0.0226968
-0.02951749
-0.03673063
-0.04425133
-0.05199291
-0.05985707
-0.0677415
-0.07554199
-0.08315722
-0.09049576
-0.0974767
-0.1040276
-0.1100809
-0.1155726
-0.1204461
-0.1246526
-0.1281486
-0.1308975
-0.1328857
-0.1341114
-0.1345788
-0.1342935
-0.1332609
-0.1314867
-0.1289763
-0.1257353
-0.1217691
-0.1170834
-0.1116835
-0.1055751
-0.09876369
-0.09125472
-0.08305374
-0.07416627
-0.06459784
-0.05435396
-0.04344016
-0.03186195
-0.01962485
-0.006734394
0.006803911
0.02098454
0.03580198
0.0512507
0.0673252
0.08401993
0.1013294
0.1192481
0.1377704
