-0.3194988
-0.308744
-0.2982955
-0.2881065
-0.2781301
-0.2683194
-0.2586276
-0.2490078
-0.239413
-0.2297965
-0.2201114
-0.2103108
-0.2003478
-0.1901756
-0.1797473
-0.169016
-0.1579348
-0.1464567
-0.1345332
-0.122116
-0.1091578
-0.09561203
-0.0814321
-0.06657149
-0.05098391
-0.03462555
-0.01745923
0.000540651
0.01938043
0.03903257
0.05943992
0.08053075
0.1022291
0.124456
0.1471276
0.1701506
0.1934013
0.216694
0.2397436
0.2621767
0.2835966
0.3036026
0.3217921
0.3377608
0.3510985
0.3613835
0.3681957
0.3711683
0.3701097
0.3649368
0.3556023
0.3420754
0.3243476
0.3024342
0.2763841
0.2463787
0.2128187
0.1762759
0.1373916
0.09683554
0.05528626
0.01340664
-0.02819871
-0.06902786
-0.1086392
-0.1466167
-0.1825511
-0.2160341
-0.2466585
-0.2740187
-0.2977135
-0.3173506
-0.3325899
-0.3432756
-0.3494742
-0.3513873
-0.3492816
-0.3434508
-0.334198
-0.3218298
-0.3066542
-0.288971
-0.2690522
-0.2471537
-0.2235309
-0.1984395
-0.1721324
-0.1448565
-0.1168435
-0.08830792
-0.0594499
-0.03045774
-0.001510197
0.02722059
0.05556654
0.08336236
0.1104464
0.1366603
0.1618518
0.1858765
0.2085942
0.229852
0.2494756
0.2672832
0.2830874
0.2966979
0.3079306
0.3166126
0.3225992
0.325784
0.3261073
0.3235624
0.3181946
0.3100861
0.2993458
0.2860982
0.2704778
0.2526269
0.2326955
0.2108374
0.1872079
0.1619672
0.1352894
0.107375
0.07846133
0.04881003
0.01869203
-0.01161763
-0.04183889
-0.07169079
-0.1008945
-0.1291722
-0.1562481
-0.1818465
-0.2056921
-0.2275096
-0.2470274
-0.2639894
-0.2781789
-0.2894939
-0.2979913
-0.3037949
-0.3070383
-0.3078553
-0.3063799
-0.3027457
-0.2970868
-0.289537
-0.28023
-0.2692998
-0.2568772
-0.2430879
-0.2280489
-0.2118733
-0.1946729
-0.1765596
-0.1576449
-0.1380406
-0.1178584
-0.09720997
-0.07620707
-0.05496139
-0.03358465
-0.01218854
0.009115229
0.03021494
0.05099888
0.07135535
0.09117264
0.110339
0.1287428
0.1462723
0.1628158
0.1782615
