-0.03244294
-0.03870683
-0.04394884
-0.0482093
-0.05152858
-0.05394701
-0.05550496
-0.05624277
-0.05620078
-0.05541936
-0.05393884
-0.05179959
-0.04904195
-0.04570626
-0.04183289
-0.03746217
-0.03263447
-0.0273902
-0.02177025
-0.01581639
-0.009570505
-0.003070146
0.003650254
0.01056131
0.01763778
0.02485402
0.03217961
0.03957906
0.0470115
0.05442577
0.06174972
0.06888781
0.075733
0.08217436
0.08810049
0.09339941
0.09796169
0.101675
0.1044157
0.1060588
0.1064812
0.1055653
0.103212
0.09936795
0.09404741
0.08733563
0.07935367
0.07023953
0.06014307
0.04922276
0.03764333
0.02557527
0.0131905
0.0006566159
-0.0118619
-0.02420758
-0.03623321
-0.04780905
-0.0588295
-0.0692113
-0.07888202
-0.08778156
-0.09586234
-0.1030793
-0.10939
-0.1147533
-0.1191389
-0.1225312
-0.1249329
-0.1263628
-0.1268705
-0.1265343
-0.1254396
-0.1236772
-0.1213396
-0.1185158
-0.115291
-0.1117448
-0.1079468
-0.1039433
-0.09975909
-0.09541166
-0.0909162
-0.08628678
-0.0815369
-0.07668085
-0.07173176
-0.06669304
-0.06155083
-0.05627221
-0.05081108
-0.04511468
-0.0391288
-0.0327992
-0.02607174
-0.01889282
-0.01121147
-0.00298636
0.0058001
0.01512764
0.02493172
0.03511605
0.04557152
0.05618366
0.06683391
0.0774014
0.08776259
0.0977918
0.1073682
0.1163746
0.1246959
0.1322189
0.1388351
0.1444422
0.148954
0.15231
0.1544738
0.1554294
0.1551758
0.1537224
0.1510942
0.1473294
0.1424733
0.1365791
0.1297068
0.1219201
0.1132917
0.1039072
0.09386349
0.08325975
0.07220472
0.06082023
0.04923342
0.03757255
0.02596231
0.01451914
0.003346436
-0.007471521
-0.01787135
-0.0278066
-0.03724086
-0.04614362
-0.05448654
-0.0622416
-0.06938118
-0.07588042
-0.08172158
-0.08689763
-0.09141138
-0.0952725
-0.09849314
-0.1010861
-0.1030641
-0.1044401
-0.1052268
-0.1054356
-0.105076
-0.1041553
-0.1026805
-0.1006583
-0.09809579
-0.09499971
-0.09137698
-0.08723447
-0.0825791
-0.07741772
-0.07175724
-0.06560452
-0.05896647
-0.05184995
-0.04426185
-0.03620906
-0.02769846
-0.01873694
