-0.004531711
-0.003261476
-0.002080787
-0.0009880044
1.850881e-05
0.0009403909
0.00177928
0.002536814
0.003214631
0.00381437
0.004337668
0.004786164
0.005161494
0.005465298
0.005699215
0.005864881
0.005963934
0.005998014
0.005968757
0.005877803
0.005726789
0.005517352
0.005251133
0.004929767
0.004554895
0.004128158
0.003651222
0.003125758
0.002553455
0.001936078
0.001275411
0.0005732517
-0.0001684477
-0.0009477466
-0.001762717
-0.002611432
-0.003491965
-0.004402396
-0.005340805
-0.006305275
-0.007293886
-0.008304719
-0.009335844
-0.01038528
-0.01145087
-0.01252982
-0.01361882
-0.0147143
-0.01581227
-0.0169086
-0.01799916
-0.0190798
-0.02014636
-0.02119466
-0.02222057
-0.02321992
-0.02418855
-0.02512233
-0.02601701
-0.0268683
-0.02767206
-0.02842432
-0.02912112
-0.02975852
-0.03033249
-0.03083901
-0.03127412
-0.03163389
-0.03191458
-0.03211287
-0.03222585
-0.03225113
-0.03218675
-0.03203105
-0.03178246
-0.03143977
-0.03100221
-0.0304695
-0.02984174
-0.0291193
-0.02830301
-0.02739441
-0.02639573
-0.0253102
-0.02414167
-0.02289434
-0.02157276
-0.02018183
-0.01872674
-0.01721317
-0.01564748
-0.01403623
-0.01238594
-0.01070294
-0.008993474
-0.007263657
-0.005519439
-0.003766584
-0.002010484
-0.0002561583
0.001491481
0.003227582
0.004947352
0.006646076
0.008319057
0.009961598
0.01156901
0.01313661
0.01465983
0.01613416
0.01755526
0.01891914
0.02022207
0.02146047
0.02263095
0.02373034
0.02475595
0.02570579
0.02657841
0.02737295
0.02808885
0.02872581
0.02928381
0.02976293
0.03016332
0.03048536
0.03072952
0.03089629
0.03098616
0.03099979
0.03093793
0.03080138
0.03059091
0.03030735
0.02995153
0.0295243
0.02902651
0.028459
0.02782261
0.02711825
0.0263468
0.02550917
0.02460624
0.02363892
0.02260809
0.02151466
0.02035951
0.01914356
0.01786768
0.01653278
0.01513976
0.0136895
0.01218291
0.01062088
0.009004302
0.007334079
0.005611102
0.003836268
0.002010474
0.0001346135
-0.001790416
-0.00376372
-0.005784402
-0.007851566
-0.009964317
-0.01212176
-0.014323
-0.01656713
-0.01885327
-0.02118052
-0.02354798
-0.02595476
-0.02839996
-0.03088268
