-0.007580331
0.003705185
0.0145555
0.02497642
0.03497374
0.04455327
0.0537208
0.06248215
0.07084311
0.07880948
0.08638707
0.09358168
0.1003991
0.1068452
0.1129256
0.1186463
0.1240131
0.1290316
0.1337078
0.1380475
0.1420563
0.1457402
0.149105
0.1521564
0.1549002
0.1573423
0.1594884
0.1613444
0.1629161
0.1642092
0.1652295
0.1659829
0.1664752
0.1667121
0.1666995
0.1664432
0.165949
0.1652226
0.1642699
0.1630966
0.1617087
0.1601118
0.1583118
0.1563145
0.1541257
0.1517511
0.1491967
0.1464682
0.1435713
0.140512
0.1372959
0.1339289
0.1304169
0.1267655
0.1229807
0.1190682
0.1150338
0.1108833
0.1066225
0.1022573
0.09779351
0.09323717
0.08859429
0.08387091
0.07907315
0.07420719
0.06927922
0.06429547
0.05926214
0.05418539
0.04907108
0.04392445
0.03875029
0.03355315
0.02833747
0.02310744
0.01786721
0.01262088
0.007372555
0.002126328
-0.003113641
-0.008343112
-0.01355779
-0.01875344
-0.02392582
-0.02907065
-0.03418376
-0.03926099
-0.04429825
-0.04929142
-0.05423634
-0.0591289
-0.06396496
-0.06874046
-0.07345142
-0.07809389
-0.08266404
-0.08715816
-0.09157277
-0.09590463
-0.1001507
-0.1043082
-0.1083743
-0.1123465
-0.116222
-0.1199981
-0.1236722
-0.1272416
-0.1307037
-0.1340557
-0.1372953
-0.1404198
-0.1434267
-0.1463135
-0.1490775
-0.1517163
-0.1542274
-0.1566081
-0.1588559
-0.1609683
-0.1629428
-0.1647768
-0.1664677
-0.1680131
-0.1694103
-0.1706568
-0.1717501
-0.1726876
-0.1734668
-0.1740852
-0.1745402
-0.1748292
-0.1749498
-0.1748993
-0.1746752
-0.174275
-0.1736962
-0.1729362
-0.1719923
-0.1708623
-0.1695433
-0.168033
-0.1663287
-0.164428
-0.1623283
-0.160027
-0.1575216
-0.1548096
-0.1518883
-0.1487553
-0.1454081
-0.141844
-0.1380606
-0.1340552
-0.1298254
-0.1253686
-0.1206822
-0.1157637
-0.1106107
-0.1052204
-0.09959041
-0.09371816
-0.0876011
-0.08123668
-0.07462237
-0.06775562
-0.06063388
-0.05325461
-0.04561526
-0.0377133
-0.02954618
-0.02111134
-0.01240626
-0.003428383
