-0.01887784
-0.008558551
0.001342648
0.01083134
0.01991311
0.02859355
0.03687824
0.04477276
0.05228271
0.05941367
0.06617122
0.07256095
0.07858845
0.0842593
0.08957909
0.09455341
0.09918784
0.103488
0.1074594
0.1111076
0.1144384
0.1174571
0.1201695
0.1225811
0.1246975
0.1265243
0.128067
0.1293314
0.1303228
0.131047
0.1315095
0.1317159
0.1316717
0.1313827
0.1308543
0.1300921
0.1291018
0.1278889
0.1264589
0.1248174
0.1229696
0.1209209
0.1186766
0.1162422
0.1136235
0.1108265
0.1078578
0.1047245
0.1014341
0.09799401
0.09441219
0.09069745
0.08685864
0.08290476
0.07884488
0.074688
0.07044315
0.06611932
0.06172531
0.05726979
0.05276135
0.04820858
0.04362012
0.03900472
0.03437111
0.02972777
0.02508324
0.02044616
0.01582532
0.01122946
0.006667094
0.002146548
-0.002324575
-0.00673982
-0.0110935
-0.01538056
-0.01959669
-0.0237379
-0.02780034
-0.03178025
-0.03567392
-0.03947765
-0.04318784
-0.04680111
-0.0503143
-0.0537247
-0.05703012
-0.06022908
-0.06332102
-0.06630614
-0.06918515
-0.07195899
-0.07462891
-0.0771964
-0.07966313
-0.08203094
-0.08430184
-0.08647796
-0.08856143
-0.09055442
-0.09245905
-0.09427734
-0.09601104
-0.09766178
-0.09923089
-0.1007193
-0.1021277
-0.1034567
-0.1047067
-0.105878
-0.1069709
-0.1079858
-0.1089229
-0.1097823
-0.1105643
-0.111269
-0.1118967
-0.1124475
-0.1129217
-0.1133195
-0.1136411
-0.1138866
-0.1140563
-0.11415
-0.1141673
-0.1141077
-0.1139705
-0.1137552
-0.1134612
-0.1130878
-0.1126345
-0.1121007
-0.1114858
-0.1107892
-0.1100103
-0.1091485
-0.1082033
-0.107174
-0.1060601
-0.1048609
-0.1035758
-0.1022044
-0.1007459
-0.09919976
-0.09756546
-0.09584235
-0.09402984
-0.09212737
-0.09013431
-0.08805009
-0.0858741
-0.08360577
-0.0812445
-0.07878969
-0.07624076
-0.0735971
-0.07085814
-0.06802326
-0.0650919
-0.06206345
-0.05893732
-0.05571292
-0.05238966
-0.04896694
-0.04544418
-0.04182077
-0.03809614
-0.03426968
-0.03034081
-0.02630893
-0.02217345
-0.01793378
-0.01358932
-0.009139493
