3.198826e-18
0.0003418075
0.0006755352
0.001001254
0.001319035
0.001628949
0.001931067
0.002225459
0.002512198
0.002791353
0.003062995
0.003327197
0.003584028
0.003833558
0.004075861
0.004311006
0.004539063
0.004760105
0.004974202
0.005181425
0.005381844
0.005575532
0.005762558
0.005942994
0.00611691
0.006284378
0.006445468
0.006600251
0.006748799
0.006891182
0.007027471
0.007157737
0.007282051
0.007400484
0.007513107
0.00761999
0.007721205
0.007816822
0.007906914
0.007991549
0.0080708
0.008144737
0.008213431
0.008276953
0.008335375
0.008388766
0.008437199
0.008480743
0.008519469
0.008553449
0.008582754
0.008607455
0.008627621
0.008643326
0.008654639
0.008661631
0.008664372
0.008662935
0.00865739
0.008647808
0.008634259
0.008616815
0.008595548
0.008570527
0.008541822
0.008509507
0.008473651
0.008434325
0.0083916
0.008345548
0.008296239
0.008243743
0.008188133
0.008129478
0.00806785
0.008003321
0.007935959
0.007865837
0.007793025
0.007717595
0.007639621
0.007559181
0.00747635
0.007391209
0.007303833
0.007214302
0.007122692
0.007029081
0.006933547
0.006836167
0.006737018
0.00663618
0.006533727
0.006429739
0.006324293
0.006217466
0.006109335
0.00599998
0.005889476
0.005777901
0.005665333
0.00555185
0.005437529
0.005322447
0.005206682
0.005090311
0.004973412
0.004856064
0.004738342
0.004620324
0.004502089
0.004383713
0.004265275
0.004146851
0.004028519
0.003910357
0.003792442
0.003674852
0.003557664
0.003440956
0.003324805
0.003209289
0.003094486
0.002980472
0.002867325
0.002755124
0.002643944
0.002533865
0.002424963
0.002317316
0.002211002
0.002106097
0.00200268
0.001900828
0.001800619
0.001702129
0.001605438
0.001510621
0.001417757
0.001326923
0.001238197
0.001151656
0.001067378
0.0009854399
0.0009059196
0.0008288946
0.0007544423
0.0006826404
0.0006135663
0.0005472975
0.0004839115
0.000423486
0.0003660984
0.0003118261
0.0002607469
0.000212938
0.0001684772
0.0001274419
8.990953e-05
5.595775e-05
2.566402e-05
-8.941343e-07
-2.363919e-05
-4.249364e-05
-5.737995e-05
-6.82206e-05
-7.493809e-05
-7.745488e-05
-7.569346e-05
-6.957631e-05
-5.90259e-05
-4.396473e-05
-2.431527e-05
-2.816867e-18
