-1.985244e-19
-0.0005255789
-0.001045046
-0.001558402
-0.002065647
-0.00256678
-0.003061802
-0.003550713
-0.004033512
-0.0045102
-0.004980776
-0.005445241
-0.005903595
-0.006355837
-0.006801968
-0.007241988
-0.007675895
-0.008103692
-0.008525378
-0.008940952
-0.009350414
-0.009753766
-0.01015101
-0.01054213
-0.01092715
-0.01130606
-0.01167885
-0.01204553
-0.01240611
-0.01276057
-0.01310891
-0.01345115
-0.01378728
-0.01411729
-0.01444119
-0.01475899
-0.01507067
-0.01537624
-0.01567569
-0.01596904
-0.01625628
-0.0165374
-0.01681241
-0.01708131
-0.0173441
-0.01760078
-0.01785135
-0.0180958
-0.01833414
-0.01856638
-0.0187925
-0.01901251
-0.01922641
-0.0194342
-0.01963587
-0.01983143
-0.02002089
-0.02020423
-0.02038146
-0.02055258
-0.02071759
-0.02087648
-0.02102927
-0.02117594
-0.0213165
-0.02145095
-0.02157929
-0.02170152
-0.02181763
-0.02192764
-0.02203153
-0.02212931
-0.02222098
-0.02230654
-0.02238599
-0.02245933
-0.02252655
-0.02258767
-0.02264267
-0.02269156
-0.02273434
-0.02277101
-0.02280157
-0.02282601
-0.02284435
-0.02285657
-0.02286268
-0.02286268
-0.02285657
-0.02284435
-0.02282601
-0.02280157
-0.02277101
-0.02273434
-0.02269156
-0.02264267
-0.02258767
-0.02252655
-0.02245933
-0.02238599
-0.02230654
-0.02222098
-0.02212931
-0.02203153
-0.02192764
-0.02181763
-0.02170152
-0.02157929
-0.02145095
-0.0213165
-0.02117594
-0.02102927
-0.02087648
-0.02071759
-0.02055258
-0.02038146
-0.02020423
-0.02002089
-0.01983143
-0.01963587
-0.0194342
-0.01922641
-0.01901251
-0.0187925
-0.01856638
-0.01833414
-0.0180958
-0.01785135
-0.01760078
-0.0173441
-0.01708131
-0.01681241
-0.0165374
-0.01625628
-0.01596904
-0.01567569
-0.01537624
-0.01507067
-0.01475899
-0.01444119
-0.01411729
-0.01378728
-0.01345115
-0.01310891
-0.01276057
-0.01240611
-0.01204553
-0.01167885
-0.01130606
-0.01092715
-0.01054213
-0.01015101
-0.009753766
-0.009350414
-0.008940952
-0.008525378
-0.008103692
-0.007675895
-0.007241988
-0.006801968
-0.006355837
-0.005903595
-0.005445241
-0.004980776
-0.0045102
-0.004033512
-0.003550713
-0.003061802
-0.00256678
-0.002065647
-0.001558402
-0.001045046
-0.0005255789
1.816787e-18
