-8.209606e-19
0.0001643744
0.0003268375
0.0004873893
0.0006460297
0.0008027588
0.0009575766
0.001110483
0.001261478
0.001410562
0.001557734
0.001702995
0.001846345
0.001987784
0.002127311
0.002264927
0.002400631
0.002534424
0.002666306
0.002796276
0.002924336
0.003050484
0.00317472
0.003297045
0.003417459
0.003535961
0.003652553
0.003767232
0.003880001
0.003990858
0.004099804
0.004206839
0.004311962
0.004415174
0.004516474
0.004615863
0.004713341
0.004808907
0.004902563
0.004994307
0.005084139
0.00517206
0.00525807
0.005342169
0.005424356
0.005504632
0.005582996
0.005659449
0.005733992
0.005806622
0.005877341
0.005946149
0.006013046
0.006078031
0.006141105
0.006202267
0.006261519
0.006318858
0.006374287
0.006427804
0.00647941
0.006529105
0.006576888
0.00662276
0.006666721
0.00670877
0.006748908
0.006787134
0.00682345
0.006857854
0.006890346
0.006920928
0.006949598
0.006976356
0.007001203
0.00702414
0.007045164
0.007064277
0.007081479
0.00709677
0.007110149
0.007121617
0.007131174
0.007138819
0.007144553
0.007148376
0.007150287
0.007150287
0.007148376
0.007144553
0.007138819
0.007131174
0.007121617
0.007110149
0.00709677
0.007081479
0.007064277
0.007045164
0.00702414
0.007001203
0.006976356
0.006949598
0.006920928
0.006890346
0.006857854
0.00682345
0.006787134
0.006748908
0.00670877
0.006666721
0.00662276
0.006576888
0.006529105
0.00647941
0.006427804
0.006374287
0.006318858
0.006261519
0.006202267
0.006141105
0.006078031
0.006013046
0.005946149
0.005877341
0.005806622
0.005733992
0.005659449
0.005582996
0.005504632
0.005424356
0.005342169
0.00525807
0.00517206
0.005084139
0.004994307
0.004902563
0.004808907
0.004713341
0.004615863
0.004516474
0.004415174
0.004311962
0.004206839
0.004099804
0.003990858
0.003880001
0.003767232
0.003652553
0.003535961
0.003417459
0.003297045
0.00317472
0.003050484
0.002924336
0.002796276
0.002666306
0.002534424
0.002400631
0.002264927
0.002127311
0.001987784
0.001846345
0.001702995
0.001557734
0.001410562
0.001261478
0.001110483
0.0009575766
0.0008027588
0.0006460297
0.0004873893
0.0003268375
0.0001643744
2.484101e-18
