4.668044e-19
-0.00051313
-0.001020293
-0.00152149
-0.00201672
-0.002505984
-0.002989281
-0.003466611
-0.003937975
-0.004403372
-0.004862802
-0.005316266
-0.005763763
-0.006205294
-0.006640858
-0.007070455
-0.007494085
-0.007911749
-0.008323447
-0.008729178
-0.009128941
-0.009522739
-0.00991057
-0.01029243
-0.01066833
-0.01103826
-0.01140223
-0.01176022
-0.01211226
-0.01245832
-0.01279842
-0.01313255
-0.01346071
-0.01378291
-0.01409914
-0.01440941
-0.01471371
-0.01501204
-0.0153044
-0.0155908
-0.01587123
-0.0161457
-0.0164142
-0.01667673
-0.01693329
-0.01718389
-0.01742852
-0.01766719
-0.01789989
-0.01812662
-0.01834738
-0.01856218
-0.01877101
-0.01897388
-0.01917078
-0.01936171
-0.01954667
-0.01972567
-0.01989871
-0.02006577
-0.02022687
-0.020382
-0.02053117
-0.02067437
-0.0208116
-0.02094287
-0.02106817
-0.0211875
-0.02130086
-0.02140826
-0.0215097
-0.02160516
-0.02169466
-0.02177819
-0.02185576
-0.02192736
-0.02199299
-0.02205266
-0.02210636
-0.02215409
-0.02219586
-0.02223166
-0.02226149
-0.02228536
-0.02230326
-0.02231519
-0.02232116
-0.02232116
-0.02231519
-0.02230326
-0.02228536
-0.02226149
-0.02223166
-0.02219586
-0.02215409
-0.02210636
-0.02205266
-0.02199299
-0.02192736
-0.02185576
-0.02177819
-0.02169466
-0.02160516
-0.0215097
-0.02140826
-0.02130086
-0.0211875
-0.02106817
-0.02094287
-0.0208116
-0.02067437
-0.02053117
-0.020382
-0.02022687
-0.02006577
-0.01989871
-0.01972567
-0.01954667
-0.01936171
-0.01917078
-0.01897388
-0.01877101
-0.01856218
-0.01834738
-0.01812662
-0.01789989
-0.01766719
-0.01742852
-0.01718389
-0.01693329
-0.01667673
-0.0164142
-0.0161457
-0.01587123
-0.0155908
-0.0153044
-0.01501204
-0.01471371
-0.01440941
-0.01409914
-0.01378291
-0.01346071
-0.01313255
-0.01279842
-0.01245832
-0.01211226
-0.01176022
-0.01140223
-0.01103826
-0.01066833
-0.01029243
-0.00991057
-0.009522739
-0.009128941
-0.008729178
-0.008323447
-0.007911749
-0.007494085
-0.007070455
-0.006640858
-0.006205294
-0.005763763
-0.005316266
-0.004862802
-0.004403372
-0.003937975
-0.003466611
-0.002989281
-0.002505984
-0.00201672
-0.00152149
-0.001020293
-0.00051313
5.336043e-19
