5.248087e-19
0.0001569907
0.000312156
0.0004654958
0.0006170101
0.0007666989
0.0009145623
0.0010606
0.001204813
0.0013472
0.001487761
0.001626497
0.001763407
0.001898493
0.002031752
0.002163186
0.002292795
0.002420578
0.002546536
0.002670668
0.002792975
0.002913456
0.003032112
0.003148942
0.003263947
0.003377126
0.00348848
0.003598009
0.003705712
0.003811589
0.003915641
0.004017868
0.004118268
0.004216844
0.004313594
0.004408519
0.004501618
0.004592892
0.00468234
0.004769963
0.00485576
0.004939732
0.005021878
0.005102199
0.005180694
0.005257364
0.005332209
0.005405228
0.005476421
0.005545789
0.005613331
0.005679049
0.00574294
0.005805006
0.005865247
0.005923662
0.005980252
0.006035016
0.006087955
0.006139068
0.006188355
0.006235818
0.006281455
0.006325266
0.006367252
0.006407412
0.006445747
0.006482257
0.006516941
0.006549799
0.006580832
0.00661004
0.006637422
0.006662979
0.00668671
0.006708615
0.006728696
0.006746951
0.00676338
0.006777984
0.006790762
0.006801715
0.006810842
0.006818144
0.00682362
0.006827272
0.006829097
0.006829097
0.006827272
0.00682362
0.006818144
0.006810842
0.006801715
0.006790762
0.006777984
0.00676338
0.006746951
0.006728696
0.006708615
0.00668671
0.006662979
0.006637422
0.00661004
0.006580832
0.006549799
0.006516941
0.006482257
0.006445747
0.006407412
0.006367252
0.006325266
0.006281455
0.006235818
0.006188355
0.006139068
0.006087955
0.006035016
0.005980252
0.005923662
0.005865247
0.005805006
0.00574294
0.005679049
0.005613331
0.005545789
0.005476421
0.005405228
0.005332209
0.005257364
0.005180694
0.005102199
0.005021878
0.004939732
0.00485576
0.004769963
0.00468234
0.004592892
0.004501618
0.004408519
0.004313594
0.004216844
0.004118268
0.004017868
0.003915641
0.003811589
0.003705712
0.003598009
0.00348848
0.003377126
0.003263947
0.003148942
0.003032112
0.002913456
0.002792975
0.002670668
0.002546536
0.002420578
0.002292795
0.002163186
0.002031752
0.001898493
0.001763407
0.001626497
0.001487761
0.0013472
0.001204813
0.0010606
0.0009145623
0.0007666989
0.0006170101
0.0004654958
0.000312156
0.0001569907
4.233903e-19
