4.905893e-19
-0.0004805985
-0.0009556087
-0.001425031
-0.001888864
-0.002347109
-0.002799766
-0.003246834
-0.003688314
-0.004124206
-0.004554509
-0.004979224
-0.005398351
-0.005811889
-0.006219839
-0.0066222
-0.007018974
-0.007410158
-0.007795755
-0.008175763
-0.008550183
-0.008919015
-0.009282257
-0.009639912
-0.009991978
-0.01033846
-0.01067935
-0.01101465
-0.01134436
-0.01166848
-0.01198702
-0.01229997
-0.01260733
-0.0129091
-0.01320528
-0.01349588
-0.01378088
-0.0140603
-0.01433413
-0.01460237
-0.01486502
-0.01512209
-0.01537356
-0.01561945
-0.01585975
-0.01609446
-0.01632359
-0.01654712
-0.01676506
-0.01697742
-0.01718419
-0.01738537
-0.01758096
-0.01777097
-0.01795538
-0.01813421
-0.01830745
-0.0184751
-0.01863716
-0.01879364
-0.01894452
-0.01908982
-0.01922953
-0.01936365
-0.01949218
-0.01961512
-0.01973248
-0.01984425
-0.01995043
-0.02005102
-0.02014602
-0.02023543
-0.02031926
-0.0203975
-0.02047014
-0.0205372
-0.02059868
-0.02065456
-0.02070485
-0.02074956
-0.02078868
-0.02082221
-0.02085015
-0.02087251
-0.02088927
-0.02090045
-0.02090603
-0.02090603
-0.02090045
-0.02088927
-0.02087251
-0.02085015
-0.02082221
-0.02078868
-0.02074956
-0.02070485
-0.02065456
-0.02059868
-0.0205372
-0.02047014
-0.0203975
-0.02031926
-0.02023543
-0.02014602
-0.02005102
-0.01995043
-0.01984425
-0.01973248
-0.01961512
-0.01949218
-0.01936365
-0.01922953
-0.01908982
-0.01894452
-0.01879364
-0.01863716
-0.0184751
-0.01830745
-0.01813421
-0.01795538
-0.01777097
-0.01758096
-0.01738537
-0.01718419
-0.01697742
-0.01676506
-0.01654712
-0.01632359
-0.01609446
-0.01585975
-0.01561945
-0.01537356
-0.01512209
-0.01486502
-0.01460237
-0.01433413
-0.0140603
-0.01378088
-0.01349588
-0.01320528
-0.0129091
-0.01260733
-0.01229997
-0.01198702
-0.01166848
-0.01134436
-0.01101465
-0.01067935
-0.01033846
-0.009991978
-0.009639912
-0.009282257
-0.008919015
-0.008550183
-0.008175763
-0.007795755
-0.007410158
-0.007018974
-0.0066222
-0.006219839
-0.005811889
-0.005398351
-0.004979224
-0.004554509
-0.004124206
-0.003688314
-0.003246834
-0.002799766
-0.002347109
-0.001888864
-0.001425031
-0.0009556087
-0.0004805985
-8.333648e-19
